18039
23283
5020
1144
8841
11981
6882
14719
4975
31621
8768
226
572
32935
19391
8074
22135
936
28497
19815
1535
22859
1500
223
4186
177
19703
356
1
355
11617
32561
16001
18897
297
4382
9362
16524
1140
1118
18671
3457
7338
1827
2787
32026
79
25879
997
12115
15
2994
1564
9926
25157
8525
139
4437
6547
6288
10793
3485
2923
2608
5419
23755
8675
30
18413
5530
11757
9874
12531
134
22789
232
10110
4063
392
16700
4898
6702
20
9982
12445
2001
23289
7598
2025
14345
31680
4789
15315
376
2685
3091
5690
5231
430
2116
28121
2167
23421
4477
781
17741
22835
1336
326
2212
6162
30276
1276
199
6203
3791
24133
1222
2404
18689
174
13161
16049
1536
205
19775
431
535
20847
19257
790
6211
5300
1343
9617
51
759
452
15605
12859
8795
256
2904
6573
21659
31414
846
1066
2418
9989
2759
9969
9491
5764
249
1050
28999
1654
20541
2450
8888
23321
6151
6045
6922
47
2144
10155
4000
7661
14833
16498
16916
19367
17743
4752
849
320
416
6772
202
8479
14131
8769
81
30831
32182
20507
23673
14199
10020
10578
16668
26349
301
1043
22043
5958
25
444
32051
2593
2274
3299
517
5630
1292
18767
6548
14349
31163
29854
6489
10521
240
6773
164
1210
227
1619
10217
27787
14227
5667
8302
13759
5678
8247
5220
10080
5277
9041
14741
24765
10604
14513
9919
8476
2201
133
853
24625
2954
17641
1147
8277
4726
20853
27833
50
23209
8861
866
120
191
11771
19151
10396
405
1563
460
12413
487
31553
27899
15119
17827
7724
4015
10456
4181
2768
21743
16904
32013
2924
263
825
43
17505
17549
7148
6444
28171
30347
18153
15197
44
2020
889
857
33
2993
468
11759
15109
3588
23273
6954
2198
17265
22535
20021
6682
481
4134
7054
90
4081
45
10588
20159
2034
4896
7627
12291
14289
22319
9563
10863
21939
17731
5835
26023
21327
12113
5355
10568
1122
13125
28825
5141
610
23233
15583
2717
1191
1387
8424
10687
4997
1412
467
530
30015
2847
192
522
1943
424
5
2471
4654
5177
4280
31240
72
5781
9756
1961
670
9253
153
28891
2476
31859
265
7791
678
15451
6758
21557
3652
71
12723
16742
1281
10321
457
6
18507
195
9379
7647
1852
28977
1691
15379
2248
7176
13271
8407
31043
13601
22677
18441
4224
7662
13429
5681
8876
1887
579
66
238
8408
317
14827
951
11111
22877
1195
477
19163
15609
2508
10087
22729
12175
20689
384
940
11889
11285
31251
12477
26
18277
1571
7311
10447
157
101
20053
11553
299
60
10218
29317
777
30321
497
5279
875
1417
801
4059
2363
1575
13667
9656
93
32551
469
10790
856
5039
341
7088
32282
1361
8100
420
8536
818
732
9289
2472
10165
710
6974
209
31181
31080
3342
24893
10030
12365
7740
981
14813
28297
113
3354
11843
24655
16005
6637
6594
3970
15699
16241
6408
6896
14807
5114
10397
2251
30240
635
6746
1818
760
346
3468
1593
15051
1726
2560
23847
2154
31338
2926
11633
953
903
13535
10719
4214
10620
512
902
3225
21881
523
16782
17729
17074
23251
5216
1607
4725
389
16592
28025
9365
6880
13093
15689
11266
18139
793
18679
8557
6895
11499
5682
3167
28069
8514
403
1956
2107
15117
6421
27831
8465
3783
5675
1313
14467
228
3572
1559
20371
550
237
1243
895
257
6325
21603
440
121
14967
3974
30749
17247
16870
845
1686
170
15809
1218
552
1365
31733
276
11701
16011
1250
12565
8062
12883
21085
14713
21507
478
55
10172
149
15225
7082
136
31715
18677
16355
10918
15881
1289
12729
6919
19669
28907
303
4028
401
30503
17895
27
18893
11737
4814
2132
534
578
4188
189
1836
15037
3785
12549
24991
934
897
587
385
10737
26243
432
16
6867
3092
3927
243
9330
1505
25183
21405
1696
10389
5204
357
28623
2581
4835
10417
14027
479
2336
10408
11761
831
22689
1023
25731
506
16762
32485
25159
1917
7695
764
25543
16035
2966
52
462
5507
2402
6347
31452
12467
29974
11597
255
14527
901
10067
7411
904
3470
985
1614
6033
67
1167
8023
124
2605
8348
1840
2041
3001
10490
1888
32
18713
3375
24415
6201
26441
1723
29095
342
10622
57
3712
15125
20583
3901
5597
30458
11887
1530
27821
330
22101
10092
27525
11083
30091
2236
10163
269
143
5526
32729
7192
31147
181
1764
1498
30300
352
10495
5081
2161
3702
11241
18523
24703
13409
27989
24439
329
1238
1469
417
11977
323
7861
7472
626
10271
126
292
10589
132
1117
11577
24
196
27387
834
763
32108
30307
4884
15933
193
9630
30346
9135
25013
8937
11113
1765
1010
2123
1078
18
28223
2962
1813
10379
6877
9941
7711
6351
18121
3673
11061
27775
1082
23989
1546
6046
6987
3297
4872
9888
27631
12461
1472
10390
6120
2604
6401
23383
7858
507
13659
641
19647
6811
11339
553
23385
19285
6793
6377
23199
28755
267
974
1046
3782
33161
9510
10209
13367
8246
18661
20031
30187
10686
25143
24037
658
21855
371
4361
102
873
3622
1808
16894
6187
6165
250
17397
15417
19511
16934
318
813
14355
3366
1519
4581
514
285
32792
8425
22145
33964
31737
15201
2246
4472
10162
2629
31056
31121
2589
6030
23623
617
32281
976
14829
13115
11741
5525
986
896
19769
2321
7193
527
1719
15437
4672
20931
5028
13469
1274
9776
1264
31
6707
996
19429
62
23319
158
1074
861
541
1816
2026
707
1720
369
6178
9591
7769
2210
9513
586
187
28883
10073
4196
281
3307
7674
5072
6500
14749
476
9120
15039
3086
433
6213
713
3653
266
20651
25687
6875
3467
245
322
7593
10624
6280
1562
9624
22147
4246
6205
1104
570
241
7902
135
1339
4205
30205
7817
528
449
1119
9314
28735
6533
225
18115
1487
1798
4722
1287
411
10502
395
2268
4450
8516
22071
31772
17855
11227
76
6114
4667
30524
19023
11319
6166
11743
11739
933
855
482
268
270
5060
1604
248
9863
21431
20457
1422
14073
14397
6633
2330
11235
1156
9366
7
4981
3076
19685
5521
5030
16009
22663
1072
96
2104
339
731
24277
3655
2899
25835
308
33338
2166
3228
2403
15085
11103
3032
4192
4197
448
12501
2816
19365
543
3210
1239
11785
1842
13171
5978
13357
8197
18989
3247
2927
859
3958
31378
10739
10702
3359
18247
2798
274
10348
3269
19697
14653
12049
31138
642
31405
12293
19
1689
32828
747
9062
620
21511
1064
15775
4094
1240
14353
1223
4182
1862
30296
25099
28981
6512
87
21845
89
8740
19111
992
31637
53
18497
9515
20047
9347
19191
23837
17205
7337
408
1602
7592
28
9999
596
9925
10469
24687
10213
918
13391
21189
12189
10161
145
738
4918
906
6361
48
22537
2130
11837
761
14075
379
5603
29803
23277
29067
10298
1824
4795
5734
18849
1709
16149
29261
30460
4551
10033
2834
6050
935
75
5941
10464
532
899
8217
3250
2238
14515
9331
891
31143
2163
32491
20973
1568
150
32681
6505
9063
11079
2494
16918
25781
585
10308
12753
30544
5152
8676
19315
1187
881
65
1829
9790
7739
31636
10572
3737
16067
3784
28805
3087
29785
31221
242
20785
513
21185
20509
1237
2718
659
3231
20545
464
1132
1913
1692
898
13585
4155
4156
6023
1588
601
10017
3420
10116
5341
4793
94
31564
2390
8630
11013
8481
275
5258
27601
19369
334
2159
31710
4021
23775
31741
11665
23945
11933
28701
123
3810
1198
4970
9181
6591
995
31711
20899
22507
59
4719
31914
9252
13335
789
1889
1084
84
73
30868
7559
465
61
2134
31559
914
31716
21771
3230
24913
10711
28725
10884
13403
10934
719
24075
5947
524
10083
5680
2398
1482
6291
12223
63
3328
32245
9203
9734
24627
28791
213
24169
2969
68
69
22547
472
2178
3455
5909
3594
6007
4999
1065
156
13677
25681
459
22097
15927
2683
2907
28979
2889
14283
3731
169
8038
14407
16706
31793
18229
987
306
4379
1665
437
631
9724
17391
31764
21647
13859
2424
30123
182
19953
21681
1255
31754
24873
3914
372
877
4087
651
6392
9332
25519
594
10800
144
1143
708
5079
1179
4026
397
2985
5342
10075
16436
878
10805
2112
1006
8142
1089
8457
7044
11783
529
12431
10500
2356
5065
21797
1003
18179
29786
8599
1603
5702
2433
6675
24909
1079
14835
3456
16662
13331
1531
1254
9917
2454
12355
1146
23317
22199
421
907
14511
9958
21737
1748
1674
7059
24833
21325
6904
13807
1675
779
967
6372
24231
32438
740
16143
10460
2346
8234
17389
2937
1566
32370
22297
13727
2265
3614
21329
24261
6704
15807
9074
1030
6862
6791
2499
16512
18041
9367
2136
984
9107
5034
8449
28927
6768
31096
366
246
8560
15793
34103
31283
18851
138
8129
147
30925
2890
442
450
343
839
6884
28351
20555
288
5112
3503
252
2032
2156
13715
20787
8422
666
2002
302
29758
4578
207
186
673
3972
2153
24455
1421
546
8532
32526
1606
27655
1369
3574
11703
1690
3469
6747
3057
990
4163
32542
200
206
17725
882
1996
10611
46
3604
2986
18753
1378
15391
1397
4483
12403
874
12611
538
28817
19363
4550
3166
5572
160
1004
25429
4378
5712
5205
1045
25729
5262
2532
407
10794
10049
451
23605
3848
1172
1858
32682
11433
175
7596
10016
64
6572
10713
3626
23309
23101
21353
1629
387
1738
12879
15059
5196
32664
3002
5306
2488
393
33091
12685
5955
2602
20709
12783
14175
1212
2615
3266
17917
905
27829
400
129
9479
4901
21033
5356
8086
15687
26165
25389
21241
568
26213
2961
10418
30279
13599
1033
165
32094
30383
20423
166
11179
31404
419
91
28675
19319
10029
298
13411
2129
109
447
32214
4715
4177
4262
21995
155
31704
32379
1576
8726
696
1362
11979
1565
2150
1433
18549
6802
24031
23121
10798
30911
22377
24751
21105
22057
14765
1569
1226
11355
28819
488
32998
1953
18857
4618
10079
4866
16417
1528
18495
1527
5940
1732
25283
2135
2823
2945
656
21561
5578
19109
5420
1016
969
19221
22273
24135
2744
31500
28391
27633
1121
162
5298
1278
1579
10697
32189
4415
811
22
14875
6312
1034
5310
190
443
33028
29093
6774
3759
32700
3234
2905
18397
12959
521
4106
391
2263
435
11313
31815
1163
1634
18095
10897
870
4720
682
31980
6956
6553
9793
4938
12031
12581
11123
154
1405
1215
14189
563
26395
31234
10197
19159
2060
8310
461
3944
25397
19397
8456
98
7744
17437
7079
1192
1761
16335
3227
819
325
1269
7017
23735
5042
1669
24211
8026
14941
19671
23201
762
2964
222
31318
31552
1091
30915
1225
4874
860
10479
1821
15911
1399
741
16694
1506
11371
390
4886
30206
664
17535
14921
493
13333
272
1133
4535
304
6610
1543
22817
10372
27947
19489
15323
758
5040
6287
30902
1554
1965
2386
13267
2067
1622
14751
20517
21373
1363
18295
4080
5973
8190
885
10808
146
24475
4983
21541
10012
20987
412
1088
1525
30654
880
1376
4503
1526
7222
14669
28211
588
394
54
9117
31798
1483
20473
837
2746
780
8915
9465
20919
19195
5391
21667
1029
1342
2747
16528
15863
2743
14093
5084
1817
16656
1929
293
2006
2796
28531
12123
25689
10491
5337
17901
7590
1598
11077
1983
350
32083
14173
590
3298
14663
1601
1067
16157
12505
28621
1120
30191
20939
12671
12679
10445
16331
8293
9675
1731
8460
15963
4792
1698
28249
6927
3513
485
26055
634
3593
1111
30901
32668
23285
5178
6893
3654
12079
23333
24921
6712
16353
11763
19021
23327
20533
5957
2235
6890
382
3478
486
2030
19211
7785
32323
23281
687
820
9936
10681
3701
1810
2273
31430
743
31540
13663
2659
2031
4461
17121
1028
454
9712
3363
4548
7870
128
12367
31821
114
12487
7669
10647
13709
1249
5172
7262
6163
463
13479
508
80
867
4879
16738
25867
833
10119
1110
12651
14045
23325
9170
16385
19117
251
1002
2228
23579
788
2795
11697
1070
21843
6941
428
2970
4282
15565
17873
3956
6324
4130
30384
24705
2963
180
2225
17082
2113
358
122
10470
32380
27957
879
1981
492
5671
14293
3005
16239
15487
10715
14277
1364
28677
712
13055
649
1894
4447
7396
12669
5214
10219
815
6171
28149
10156
1105
336
5962
25839
19855
8490
5691
353
1772
9581
17777
8097
11209
2951
167
4565
21863
375
2972
15159
10638
1979
6041
1303
21273
351
20431
4744
9065
2451
31297
100
97
85
2595
1374
30230
894
962
3466
58
20057
12967
31560
1532
5288
1311
1805
6546
1251
137
1471
650
502
1432
5365
12237
2680
21573
9000
2215
721
18195
9938
31374
2515
9890
27613
23341
5454
17637
5493
1123
1219
483
77
1915
900
31561
1019
892
20033
2952
3053
8438
7857
31289
22265
31867
15377
30870
27991
4082
4910
2182
31439
335
2361
2131
218
2397
17949
770
1954
338
15535
16664
10721
498
12149
31904
22777
18119
9167
1454
1722
7588
20045
28063
13561
16910
3011
1258
1796
24695
5118
8171
22125
3121
3849
9136
5460
264
30795
3186
12433
6164
6645
841
4532
31478
22865
2298
1589
8311
28619
3419
12893
3887
6783
12503
10258
1557
99
398
3229
6676
569
31804
14645
812
21177
10582
972
3841
510
23447
10370
473
798
11385
142
10338
18465
466
24405
8440
1138
33222
17187
10763
1869
1406
2111
2971
4804
260
547
74
851
1262
14837
5252
3446
7666
1257
10827
4052
1130
18393
1792
427
6231
3352
2603
184
8857
21075
591
10920
807
2120
21473
10249
618
1142
685
1586
2752
644
1015
4823
25859
10294
526
23781
2262
31706
1445
3318
8934
13939
2395
937
554
12929
1335
13643
21809
12057
23079
2164
501
548
32039
1969
287
558
11491
5772
3165
3358
168
5054
5458
23237
21773
1729
16732
7745
3008
6705
5753
470
239
185
12711
21363
17
3508
31952
3012
6137
886
2207
9750
2490
1157
13851
2420
9493
10380
29705
6787
16051
10834
8917
6634
12673
31223
908
9850
5305
2443
653
31964
23587
10431
8985
916
16774
4107
1217
1233
597
9963
5593
830
9260
12317
12449
10714
499
198
3090
17909
9047
31757
567
5150
540
9638
10357
16444
119
33524
23619
1567
2259
1957
31953
31309
9760
16023
24781
10448
893
2369
7591
24227
4151
3878
18055
21167
9745
2623
16468
12695
3745
20977
551
1860
3578
8241
5244
10893
4650
9355
1047
5074
17821
6127
7720
24365
6154
928
16518
5165
15813
9911
13655
1488
2194
254
21077
17513
3447
7304
8426
941
1080
9435
17875
5902
537
22687
1642
2214
6726
3088
14575
20767
1847
30499
2352
21563
1124
9735
1184
27441
1826
27419
7568
29808
25161
9055
1051
11615
9471
15879
3050
2148
11135
22961
15729
30806
9723
11879
1668
7058
210
2863
1013
665
1544
1037
5538
6115
20961
7270
6032
368
8577
86
3080
21653
1648
14753
31845
10196
1807
12017
576
1838
13587
1710
22189
3009
539
9130
555
2412
15199
2448
194
979
4460
28387
9598
25517
12015
30651
669
10076
1253
4053
3665
3464
161
33201
835
5162
286
284
4705
20221
4334
1501
24151
1005
2512
1955
1594
30782
2799
108
1205
20889
531
10717
24451
5080
12231
9736
13639
32240
854
7110
17643
24919
4903
32634
10671
1486
18245
283
25241
30376
565
7748
2772
23697
1951
963
6951
1419
277
15771
11359
13863
1263
3615
31580
863
559
23259
821
3221
637
12321
1366
1609
28957
1171
291
32153
7655
1102
3861
474
30355
3713
14989
12187
11751
785
1751
1181
994
12857
25907
10497
2736
1844
1098
4012
21879
13349
6443
1060
6381
949
4356
31376
20745
16317
1542
5097
1873
6628
2103
14069
23369
2302
3270
4712
10870
19573
11747
31442
1787
15751
2728
1570
4038
12471
22673
627
1886
17115
690
9801
5085
8115
15951
4387
2514
203
14811
197
5914
18177
13263
1190
1631
5233
2371
1260
2124
1538
16397
1039
27727
19383
1155
5670
1128
1727
106
15133
3324
1398
29787
7048
10947
23153
6336
6479
2175
18001
15335
6979
8619
3483
14617
1592
15811
11005
9922
107
2432
32648
9981
221
26443
1967
28405
2928
10513
968
14333
262
29255
6122
17831
876
9002
27891
7135
16381
9001
118
30746
724
28447
1914
16419
3668
30991
29589
321
9220
10074
236
7375
16868
29976
17341
18045
28617
34085
2109
28221
12069
1259
12029
21437
9587
630
704
6920
11829
3131
10152
23227
111
30363
365
31051
18619
1108
10532
92
10643
1017
33082
2597
950
2462
6624
32696
1230
10536
29027
15613
315
2544
495
9834
915
8410
15591
957
7229
2709
21067
3089
1367
3259
386
30711
920
15865
2979
17259
888
595
5713
33569
4473
295
18841
20187
2594
709
3031
381
22225
1112
1670
3577
29325
31790
12281
16201
21729
10336
3403
3837
11663
17739
1094
10792
1356
8839
3226
9618
2988
4646
3322
28789
1429
17269
131
12419
1520
2564
28423
17959
622
7465
31174
24459
10444
31665
694
11375
30365
30895
14817
2409
925
1511
13057
8475
1905
13137
20449
19841
560
12143
1581
2563
9934
633
4033
1293
18343
3146
15195
6864
1009
104
19099
1657
15313
2848
125
233
1902
32360
9690
15649
11531
1194
7248
1443
1896
14893
31848
1783
2385
273
2498
8042
20365
4765
5653
24641
645
1317
751
556
1425
16866
2290
868
13183
1465
24701
6305
32595
362
11021
1517
975
7580
1572
864
30379
1998
26351
3802
6794
16890
822
253
756
1430
21695
1164
1085
752
3044
1640
884
16680
3616
1494
942
1799
3738
32268
22539
18499
519
148
5505
1555
5002
1057
9907
31389
1681
178
2559
24175
2989
19653
20903
2367
31722
10999
32093
22847
9312
7103
21677
10278
2417
2942
1904
2751
4810
2832
261
17409
3054
998
31846
14359
561
12053
5147
3493
1189
17679
230
3549
13377
1750
12727
2322
475
6918
439
1881
782
4023
10302
20141
1721
3174
10178
3505
15979
1168
24629
1092
766
6945
7062
208
4662
23311
31483
1062
750
26085
8918
8101
3219
6129
1256
15431
6586
2556
2800
30600
490
598
883
15867
1286
6984
33075
6609
127
2185
28683
13283
16614
2596
27967
484
24823
24543
1591
3625
1462
2547
1109
360
1815
1451
7540
13837
25649
363
234
22123
10378
2756
28911
10191
1744
396
3323
9608
11859
1401
3529
850
1008
4136
31973
3962
3923
1695
16608
842
1725
959
3667
2174
18745
3421
3836
9988
9201
2151
5163
30740
1508
219
4198
10531
797
10090
1400
23269
15291
1637
2693
629
584
8368
1241
2539
9741
736
23293
13203
8063
1000
1901
1922
176
1573
1804
28299
1235
2591
6709
20543
2015
6809
30056
7705
1493
2684
2507
2745
577
30127
1556
18617
1785
10740
2701
2012
557
5784
1453
4037
6098
5308
917
582
8634
593
201
28861
5251
4713
647
7782
23151
4066
30070
438
5158
4039
49
29085
5719
112
6958
3071
621
2894
18533
1639
1890
5529
1178
1414
10958
5723
9441
12665
646
746
7303
511
17651
27887
2071
21781
8394
791
29801
964
6380
16123
2530
3649
9333
348
1699
2043
9737
15883
2456
536
1410
2483
9159
415
609
15633
5347
8187
3153
30549
8331
4469
1845
2162
10933
9396
95
6964
7730
4195
11769
1512
6948
2372
3912
4939
1678
16914
1968
2017
5485
1679
2500
5307
10547
23225
4985
20479
8668
11441
9544
404
10928
10465
28285
564
2074
5256
1087
2216
15325
31091
2332
21039
1202
31245
13169
28385
2706
28055
6327
3918
769
14123
15411
413
1918
4318
4502
32606
1924
10945
377
88
2827
2229
21635
1701
24997
33080
20909
2126
30547
5333
9014
2407
4075
3014
1633
16395
17919
17345
212
8986
3016
10216
6937
300
3407
4786
1174
21415
2349
2138
1655
6574
2205
2891
1183
1056
21419
31736
7016
6714
28625
1288
337
21195
2869
21679
32553
1327
2142
3043
3941
21521
21513
12979
1221
6064
3392
27969
29
4010
12709
27857
1301
361
909
13835
1470
603
22831
624
24699
4772
6932
6152
5658
12823
2836
1007
3965
247
31280
4353
12429
2042
33046
349
11813
4549
7468
28607
4443
3515
9996
2704
426
31368
544
23037
11161
9786
19029
1806
31229
331
4312
23133
14117
1107
1533
10257
4475
2562
1550
2978
2897
2724
12255
22117
7174
636
29163
1747
16756
9213
18639
9693
259
4811
309
838
3389
5194
2873
305
18429
1456
28961
2108
25015
1645
1214
8995
1185
9032
17849
28155
5845
82
509
17277
599
29101
30919
9611
3220
4760
19123
8487
667
5266
3605
5583
844
1856
2168
7645
33021
6399
1931
24835
1457
1409
105
2733
20359
24727
6148
18097
1485
14049
11341
2400
152
5116
29941
8909
6467
970
6692
1101
2284
471
30079
2655
910
12437
3102
3627
3390
23703
10691
1018
7053
1135
1484
115
705
1920
816
24855
445
14317
3004
3642
2523
19575
24469
3711
2436
9924
455
718
16982
23459
31370
20035
1835
31519
2543
10507
2903
1216
5494
18149
1682
406
20971
3107
27663
1760
5029
2283
2884
1439
10766
14951
31851
26359
2292
34240
2590
489
5098
31173
7805
661
771
1095
3618
14373
23301
25567
7014
12375
20655
5045
16636
3369
2353
4763
12875
19951
755
1209
10716
32188
429
2579
17681
294
2105
5889
5774
8792
2357
28105
21899
30014
924
5656
21267
496
24011
3656
25755
9731
589
932
4358
1822
4908
22759
1864
1694
7474
2592
17879
2158
3535
1379
566
14935
3816
16099
1477
6438
3931
2217
2408
1069
19759
33247
1347
7762
3954
183
2520
20815
27825
130
10924
8666
6795
504
21421
5369
6385
1440
1775
2072
29583
13629
6172
3506
15847
10851
2789
25939
2315
3100
2580
668
30464
25045
4487
5717
10886
2688
2829
30437
12137
1935
1290
30585
229
6973
1024
10703
2449
30445
1762
1149
7882
8491
19633
3550
151
3710
3833
8068
1797
1492
6986
10810
289
2973
1830
1635
1358
2183
1011
1141
4467
3105
7875
1044
21867
1861
4189
30413
1359
1663
1474
27939
244
17677
4454
1375
615
5348
686
1769
5996
4362
380
15307
2766
6055
10297
1944
13145
1206
2206
3726
4494
632
2047
3981
7290
16273
795
33558
32483
3674
31834
2725
32171
4421
1583
388
1373
11043
1874
2780
9056
16033
23551
10477
23363
817
1444
16287
2808
3303
1793
10109
1994
1151
17273
24591
418
2155
1386
15537
4444
14267
12603
7322
31683
1341
32816
6016
5330
31227
441
19447
32215
6368
31994
30649
6275
9389
4406
1936
4590
10350
16692
516
1106
31326
715
25313
116
17020
612
2866
19209
1285
32023
1841
6344
4027
613
2293
5070
2413
1577
4596
1789
836
21119
32264
3417
13201
311
1843
18231
1267
2411
20039
7334
2219
988
2340
31630
11579
1283
7471
12001
4138
2143
3613
16405
6885
20907
688
21821
4491
7768
3641
4798
19287
1757
3085
7108
15895
1893
10815
1415
23427
1441
944
1779
3948
1182
10015
8078
21339
2841
1704
17080
1658
25875
10804
2110
2405
3015
1353
30947
19101
27503
1647
2305
17867
1312
1280
8
1360
3900
30885
4069
1247
18411
17791
5201
12815
25271
1597
1402
10201
9751
18099
19251
3058
8728
1324
6566
1958
25861
19193
23439
6509
173
7367
3670
383
3820
22693
2035
1296
22763
5316
21439
17887
2125
1031
6518
17655
1749
5351
10187
31771
7654
1537
258
2287
23299
2953
15731
1468
6535
4342
31098
623
6959
3488
1641
3268
960
9335
1014
2044
6792
573
671
1980
977
5501
6198
15005
21407
2584
1270
10923
734
2359
8624
22839
2452
2294
2960
3265
14479
31890
7027
3199
33221
1203
456
10519
28929
28247
12065
2013
2391
20871
4091
17961
25011
33024
12921
982
5875
204
1048
2021
2775
31156
2944
17843
1455
4232
31397
1427
11867
28179
32313
1728
1906
11483
3040
11065
1878
4166
31139
14889
12991
21495
30415
332
1974
29083
3750
23441
1613
11019
24713
347
1707
2441
32301
8800
33421
1524
5984
9204
21201
29893
5041
23777
1898
1982
4127
3061
1424
9539
13833
2313
7081
808
9774
2814
11467
23483
3401
2943
7728
32953
3136
22513
21435
16169
872
5104
10406
21103
9761
32454
31608
31645
1964
15989
5402
8211
9353
2842
1352
840
10351
3619
30381
17491
6182
5016
27417
2171
15735
13281
20743
5710
279
21569
3537
10260
5876
7453
19291
15359
14347
5315
9798
33032
689
364
5725
9442
6209
21497
518
8908
3757
5462
9023
1349
5624
3977
20329
1504
11635
159
10668
31440
28013
1384
20649
5751
1211
2213
2782
6117
2921
2237
2981
1302
4396
3010
3427
6980
3595
1380
5832
32697
2778
32601
4794
9846
5868
30309
12637
5164
7774
1161
13117
10849
8287
3371
5688
1703
1416
2557
9782
19859
30533
1382
730
33242
7423
9721
7491
10916
2505
33372
17819
1435
3033
10764
545
6607
14853
4657
2245
22699
6330
2157
217
30375
25303
6686
83
1780
3384
1408
19799
25285
24973
3919
28713
10948
5828
31490
2195
1001
22661
12021
14693
23249
5228
5398
515
1859
3370
9547
30988
2016
11185
1090
1137
1478
1995
6999
4304
24531
30583
2396
2531
32574
2705
5674
1630
6112
887
2862
7897
4061
282
691
17092
2010
3776
13757
12447
344
6748
1170
2087
8291
32309
2892
2145
7336
1473
11715
10950
1273
28859
4890
890
9308
3248
2317
2938
1578
652
2050
30382
2784
31598
32190
4199
2327
21335
12119
5998
2859
296
17157
14077
1436
23787
5967
2601
6749
943
12059
17699
869
10585
11793
5265
5324
1332
19133
11595
1136
11031
30709
6939
28537
2484
3558
3067
3385
3280
1636
31780
7668
1049
11917
1992
10361
27411
17585
21097
4320
31498
9930
32915
2170
20723
10232
32122
3460
14735
27509
1022
30137
776
832
2027
733
9322
1438
3473
10917
9127
6844
28215
1514
29855
22695
10106
3349
6465
2946
1381
8709
425
13221
2446
1952
10545
17811
30385
1746
1245
18455
6694
1177
5197
13239
31324
11255
4200
1103
19845
11239
6374
20673
8297
2220
2852
1126
3429
11507
1711
19115
2099
17251
6992
27911
17419
10862
1684
2574
370
33511
8098
31730
1908
5291
15845
290
6511
6169
25647
5865
20391
2468
8110
26057
2122
11033
2569
848
1718
5622
1368
20267
961
32740
3302
3154
1921
2762
5424
2199
5005
7279
1496
29861
9241
5684
2218
3853
2546
1688
23179
3406
8987
12907
1825
19469
2821
8362
10325
10590
25805
11069
33142
1561
6245
31070
29975
2300
2147
2329
13669
2269
792
5053
3063
5217
6800
1196
2619
1907
1736
1985
10842
2009
2354
25345
2803
434
1252
18003
1055
1145
13019
32175
3976
2622
10838
1127
15439
31521
10659
30514
4933
2264
10014
2375
6425
2152
3761
5504
15611
1153
7811
8756
9040
6558
11853
3329
1885
1021
3821
1348
6234
9495
5168
327
5155
10483
22433
16936
8550
31592
17249
2383
1025
8961
33512
28851
12483
4651
13971
1279
2618
5014
324
18669
16726
14237
2576
271
1393
2319
23399
32947
2286
30251
1100
3120
2548
16199
5844
2285
32730
17351
4158
6220
2394
19889
2370
3275
15651
3138
2423
1059
6153
6219
2485
7561
1650
3568
520
13855
681
3288
31417
28593
2303
1277
17693
3098
8359
2917
1773
12579
10153
2301
1431
6462
3479
1314
4363
1272
1148
30952
1972
5208
24029
20155
4923
17745
655
800
3024
2048
8230
3822
28283
31109
23831
23433
6194
4399
4851
749
2196
4095
26159
31149
2648
7583
30100
30948
2355
4266
1027
32415
6226
7436
30250
2281
28201
2459
1411
2230
21755
6068
1350
9875
22359
2982
2106
17551
4663
4129
823
1234
15219
4114
1232
10528
1480
11001
3905
10775
3538
767
32620
1910
3286
22745
5209
20667
1370
15959
33241
21001
1978
10731
2070
5421
13755
22113
4389
3099
2513
13373
16678
991
31196
30344
23877
25549
6909
1476
13993
3381
2828
2037
12067
5455
20671
1418
32547
4476
6878
2038
22419
4664
8548
1344
32228
10779
18653
2881
1437
4731
3252
1584
216
2204
1932
2822
3137
7083
9754
2029
10177
1596
17705
12239
10122
6024
27927
1925
10679
9895
600
7004
32802
26019
3335
8339
16642
796
15409
2014
29755
15489
4586
30745
1489
2119
3840
5935
6666
4685
21069
1946
3686
1459
1220
1768
1553
1020
10334
110
2825
11357
29223
7305
2658
3218
2870
1620
648
525
2289
30705
9732
2252
6946
23987
3873
20965
28479
711
31633
23985
4514
1086
22295
6741
21073
2699
3292
2438
13261
3202
29575
15925
10720
21059
1426
2118
15785
13141
20377
3109
1705
2813
1977
10504
13215
912
29511
4946
9202
28881
3312
3800
695
2875
1407
14627
2681
23933
3992
333
6736
16363
5565
2249
3254
21835
1627
2920
9777
3326
17267
33274
1916
1521
4714
2467
3727
3762
2620
2169
22429
29413
27539
2335
15097
2098
2734
2719
608
10527
31298
1516
6246
2811
10405
16319
31128
13983
1331
354
1912
1096
3603
1345
1297
13251
14583
3898
345
6581
783
28311
13799
2610
2474
660
23701
12997
11547
9744
5854
927
1388
607
4692
2368
8245
2077
22575
7518
5891
9088
21703
6587
2267
6555
31113
19261
9970
56
2950
4718
3430
2491
1928
10628
1224
503
31610
1058
3484
1930
374
16928
6422
1733
3101
24987
13767
32174
1540
22733
319
15043
12117
958
13405
9849
2955
3576
2342
5189
12957
1897
378
3235
8317
6346
6513
31865
4375
921
30567
3995
32365
4653
1248
22335
3807
1868
562
3300
21587
1919
3679
2765
5022
24471
5032
7456
12361
13379
9785
7041
33037
14675
3287
10501
1599
2121
706
9806
13259
33513
8939
12585
2127
3531
28775
5427
17573
1812
2695
1328
5983
1490
10189
1771
2345
7549
971
3886
4732
278
17395
2276
973
10845
676
8894
8079
7261
16610
4584
919
8705
7582
3525
27793
3834
24371
1587
16233
5213
2838
1911
8507
8145
1758
824
1866
4761
2871
5411
3000
2785
5056
2802
17357
19945
5819
5652
11237
1509
23115
25719
29035
21829
1759
5027
3908
32382
5566
814
5019
30829
30714
29517
8294
3449
2373
5484
1275
1448
8057
3854
18781
1481
28853
23023
1042
9121
7430
8235
2698
952
1625
3059
24967
422
2571
1041
10807
2063
3454
20913
6189
7463
23247
11349
27629
1624
4025
2486
4411
614
18953
231
11687
13595
25437
1702
1882
20547
2561
1413
13253
4178
15719
28207
3728
2570
1450
163
28761
10765
32959
11321
25365
1988
3939
1180
24127
11099
1664
1628
1734
1949
1788
15093
3475
1246
15077
1879
6281
3952
5762
2360
12677
7032
11827
3051
11465
29707
2000
2231
5212
5590
10330
505
32151
25943
32997
2082
14647
2193
3081
3213
1632
1200
25883
117
6379
1800
19137
1623
2117
2913
20843
23849
17127
23739
1165
7333
2617
3125
2140
1802
11177
3411
4024
13245
359
3274
17717
11457
32422
18693
2815
5895
29830
1036
5715
31763
3039
1706
8518
27907
2202
24271
14543
31762
8651
3069
2527
5492
1434
2211
6590
6883
5763
1299
13559
31578
956
5849
2221
33254
5270
9288
4103
29998
4703
12133
7667
13839
446
23931
10801
3056
14145
21009
5332
3048
4067
1685
373
1582
8635
1560
2575
1357
10938
32366
18599
3111
3035
24821
15045
27879
25877
31050
1160
214
3512
2729
1193
1626
31491
12481
141
19213
3859
9232
2911
571
2100
1152
29860
4369
31909
28841
1923
10553
30311
29876
2578
3889
9124
4926
1794
1903
28519
4060
3132
12101
17537
32906
1097
3256
3681
3501
4774
10392
4943
1227
2558
17659
580
2444
14539
926
8208
4388
2227
29017
14659
28093
10859
7712
11745
1673
2565
2577
606
20969
4162
3203
2188
2176
10570
13517
3222
7144
32343
10419
4391
938
2929
32011
30196
4209
3157
25375
2445
7029
28205
1207
827
2018
2867
10301
10516
2572
34283
5760
6199
3875
2582
340
2682
619
19727
5545
17371
5576
7366
865
103
2511
3805
993
29165
28587
11705
5304
3507
4350
9979
7113
5859
14957
1872
1989
2801
1590
22735
7295
5926
14529
911
22819
7122
24763
2896
5904
2141
2831
5733
10735
23487
14661
13119
4742
4173
2793
5945
1850
22621
2851
1959
3410
2437
8648
8337
3882
18053
5397
3999
32566
1770
4600
29821
3336
2534
2004
7178
3646
6985
3196
26449
9778
9893
1999
2325
10391
13619
799
12157
2393
3271
179
31918
7025
2250
30721
21925
13563
4164
29513
24743
5584
1600
4044
24171
17493
11777
13731
6743
4078
10098
23359
32467
2947
9865
3771
10384
683
1832
828
2606
4057
2253
18419
2833
9629
8132
3587
5466
7775
1391
3744
611
2431
2480
8133
30702
2492
1608
3527
748
2858
32943
6217
21427
3560
33004
24377
605
23725
7571
9205
1846
3452
32954
31573
6892
10694
9254
9506
2760
18205
3636
6299
4298
8324
1266
3522
16211
3545
7254
5132
30850
2427
1231
30817
20877
6437
15769
19081
11583
5025
4508
10799
3194
1295
3583
5575
33902
458
8363
679
3007
3569
9545
1837
23405
3609
3706
2817
11809
1942
1475
1261
27785
757
28495
10180
4031
30641
10488
10319
328
533
7579
22137
6038
2011
3046
307
4698
1756
10629
6355
1268
6527
1984
6286
2350
1855
1865
2288
2179
5539
1012
3272
29587
11469
2189
10108
2331
28431
2054
2341
2389
30073
2410
1298
3060
367
25999
12055
1038
10802
9119
10028
7377
3474
31144
625
4420
31101
5464
31064
1495
30845
29833
1941
4213
30512
1351
5289
5322
6096
978
4113
2482
10796
27815
1032
2200
15617
11543
2526
7427
5036
5833
29829
2536
32084
2748
30291
581
3635
2567
1236
2727
31189
23499
2279
29822
6667
17963
765
2657
10935
7171
11755
25341
602
3991
8713
13309
9005
714
6012
33205
3258
31115
33606
8609
13785
10770
7031
21235
14995
2191
32468
2460
7605
3543
19051
6622
8373
13053
3223
5082
4962
16718
2535
2442
3907
31108
20355
4034
29515
1795
3438
31105
33713
11773
11009
19613
20557
8526
9487
3074
22049
1271
23835
8966
20995
16574
2255
3428
6684
3911
12191
7904
25441
20857
11699
9968
29831
5091
999
3764
2487
4086
18655
13375
3463
1676
4187
5918
4364
3888
2931
2304
21451
7157
22231
1857
7550
10575
6721
1428
25259
6616
2083
13287
2165
14379
22119
30128
604
32869
2885
15061
15505
8231
31018
11841
18691
33341
3020
3896
5296
6337
1767
7449
22435
722
2415
4690
2380
3953
8837
33740
12131
399
9274
4240
3564
30088
7230
3847
7435
4773
6293
29301
1371
20613
7862
4083
3019
20959
29868
5191
6641
11729
14991
3787
26183
2458
10306
2757
5273
3639
32684
32950
6297
7106
10832
2493
22607
3916
30826
1162
1442
9310
4385
754
9773
1075
17813
12411
15841
4486
3345
5017
23099
2967
4966
2779
6517
9375
11997
13231
3754
10905
7066
3140
2525
14127
31566
8547
693
10457
2826
7839
3036
8701
11795
2324
15781
6695
11073
9950
3095
9327
23423
18031
17951
15711
2465
9824
21469
8754
31344
14183
2819
2524
12699
25257
7276
10280
3835
7786
21861
1026
171
8423
4132
2545
3509
10666
23361
16347
18587
2364
18589
17635
5549
2588
2378
2430
31989
3600
3388
4562
2419
23991
29797
3278
4558
22013
1742
2677
1611
5311
3070
2272
2761
4147
5959
8039
1515
30237
5496
12221
18881
26453
10936
1053
13843
7969
7504
31118
3842
19631
316
9328
3519
3640
2864
31065
4540
8206
11855
675
13173
32993
10573
3964
13675
11735
13091
1071
19431
19255
3027
6777
2549
31145
2023
17113
4360
965
13495
5225
15389
5031
4070
7723
3418
2489
2392
28047
2291
12995
1208
6090
28085
8546
2754
6690
1491
5600
1503
2078
1834
12343
2277
858
7179
1651
11505
3308
3276
2435
30243
3723
1541
4208
23059
1372
20849
21597
9035
19645
14685
5226
22039
2686
3620
10949
15783
1643
12455
3720
4555
5842
1099
18835
3394
2613
12725
13175
9789
6713
1510
3378
5785
19231
3561
9318
21607
4418
9390
1389
3239
23067
30614
28669
3633
15717
6567
1937
8022
4210
13931
3556
26101
21031
9861
33394
753
2837
3829
21649
5403
2611
4062
8064
2209
5802
25667
2062
2794
30825
1392
20539
1479
2244
2387
9361
5199
6496
9311
2240
1395
12347
1585
1884
5469
1150
33074
3422
32376
2256
310
27741
16576
29089
30178
1265
1466
16508
9290
23137
1811
30679
31448
10683
2753
4439
3559
12279
31137
6418
2521
30324
22361
5049
1966
8249
1403
31756
5129
9340
1420
2146
25897
16415
1333
9716
2713
7152
5321
3072
2661
30771
6235
18449
2912
18829
2997
16189
1129
5153
1666
3922
3845
23627
9519
2469
2475
20379
8369
3215
7578
3093
2872
3579
23871
30790
31923
33119
15843
9523
3660
3205
5200
6953
3534
5386
15839
1853
2716
7759
19165
10424
23425
32946
2551
2447
1534
2653
8278
3432
5968
5259
980
1693
25113
6276
2243
3038
1659
4531
3998
1926
11679
2550
25457
32879
4154
22603
7972
12917
2309
22901
7718
6838
9264
4463
30364
12689
3685
7265
7266
2649
17955
32160
2665
1188
2517
28991
30869
1115
17871
2059
402
4608
2915
33934
5569
11487
7060
14993
5075
10689
1909
25635
3108
32961
1854
30292
2066
30160
3193
2788
2518
12145
13085
3147
32886
3913
220
10822
1638
3883
2097
5250
23047
30757
16964
2275
1139
8367
27909
31997
7956
1867
2377
6950
1776
13965
8017
4689
10375
6060
3963
5613
29995
30218
25923
21853
1777
15279
3917
4096
4756
5383
11659
6130
4563
6769
6413
5877
10050
4541
22785
23305
2090
30912
5602
8360
22069
2554
31426
1677
1790
20951
11911
1831
12865
22611
10562
1774
2495
11799
30078
25055
18771
31675
25639
4119
3112
24417
11787
2344
19581
22099
2522
29129
33491
20589
684
3630
21523
10276
6891
1113
2333
25801
8782
2440
1154
9718
23083
2965
12141
3377
2726
2033
7651
3684
5415
3874
3281
1833
30813
1166
1660
4458
1791
2542
2941
2883
654
15547
10710
2470
1891
6604
2079
13247
1786
2084
6947
27603
1346
2840
9393
723
23479
5203
9566
1993
6328
1672
19857
25439
3772
7264
14657
1683
4934
312
4462
3950
3379
10013
2540
7713
423
1671
8358
4492
8655
1895
12715
2065
3498
3006
6554
7268
9706
28053
2722
2429
5043
11869
3895
4124
810
4688
692
18755
4524
11807
7475
3669
3581
10674
29798
1621
2616
24453
3211
2374
6227
3809
1558
1300
31549
28049
3435
13969
3490
1539
25991
2958
30859
2076
930
4566
3707
4515
2612
9600
9839
1753
3462
17815
30065
1423
5890
2630
3079
6833
31401
8134
21349
2538
3929
1316
1820
12881
2585
983
2707
3171
5651
32863
4004
1052
13407
2307
1755
1661
1186
1244
7026
19521
2053
2868
3680
3399
2455
10263
2598
4991
23043
2676
10458
3034
2922
2453
1460
2998
17913
6798
25117
3823
7170
2416
4536
28313
6008
33709
2664
744
4419
4827
21409
30028
22583
13937
7619
29809
3113
19207
2671
13311
1228
4260
8252
8653
3818
6402
22815
17293
17747
4509
1116
28511
29347
31331
5994
2414
4856
4513
5921
16638
13673
23719
4607
19919
31927
2226
10695
13927
9549
2114
6311
7597
3877
4073
2223
3532
6582
3631
3448
7664
1752
5051
13255
5883
9287
32409
19973
4176
28925
10481
19185
4054
3511
29756
1803
7581
3743
14519
28779
3582
3659
28765
9528
3305
24273
15993
2529
3437
14007
1404
2749
4386
5755
2376
3026
2607
11691
8248
1849
29573
4278
3104
2316
8840
2573
9385
1081
2479
3442
31827
10520
5848
31617
21999
3858
3826
17068
31995
5290
3214
12863
6261
3356
1652
10581
786
10732
1991
12295
30812
9521
1617
9708
9904
4190
32267
2497
23741
5133
19925
21013
32005
6823
1068
27653
18525
21751
1325
3806
773
2696
8364
3863
7117
3402
5743
3793
13217
1880
3021
19947
4220
9972
10546
11445
6771
4481
8111
12499
13427
12851
8855
3846
22543
24637
2280
13143
2715
1618
2506
2461
21599
2036
5826
3481
29943
5953
21575
2058
6872
1782
13955
24347
2991
7691
1900
16644
4071
5936
9006
6727
11717
1076
3586
19297
2983
4416
3827
6900
1939
3380
3921
33103
5399
1169
1741
3551
9045
32801
2537
12877
2056
10421
10509
7243
4567
28591
25495
2553
10743
3758
16059
31231
28673
2781
4511
10286
10534
3115
3734
2609
3755
4554
31499
30039
7708
25431
31670
28227
4854
2224
1781
15453
32608
16648
5814
1940
6000
2379
20505
6531
1580
2306
9667
15541
2692
2310
2068
10327
21997
30739
1040
4493
4365
8551
3763
7770
2948
9883
215
33360
3350
1743
16101
6930
3868
2583
25461
15177
5401
314
10207
9098
5929
1848
211
6835
2057
12135
31530
10825
12373
2102
8652
13513
28869
11447
7363
11067
23
4218
2678
8361
16183
18825
4183
4099
30922
9931
8333
1204
3461
3580
11281
18959
8677
31687
2810
19519
4639
11521
9434
33056
18085
2180
32412
2824
6685
2258
10552
2351
1828
3192
2660
1548
3444
3391
32191
31168
2338
9282
6657
1340
929
4355
30953
23753
23033
7030
13223
3022
17987
10819
2999
30072
2703
22479
17897
3398
5400
6993
2019
2621
26063
3881
1377
1737
2343
2384
1973
30076
1385
4848
19271
2222
13089
32548
6251
31797
1158
2990
7808
4050
18795
33164
2721
8745
16472
10979
6460
3940
2091
3571
22173
4598
12867
725
1662
3599
4126
4936
14629
21479
25169
28657
8239
33011
31310
5440
3915
4150
33546
2337
3910
1938
3565
8292
3367
5292
31300
8215
18087
5813
1927
2770
2786
16442
2181
4700
4800
9409
3273
2007
4484
2777
17957
5267
2051
10693
10526
21641
30537
18029
8312
24527
3110
2069
24849
3936
6856
15673
4645
2651
3486
852
33170
3624
2730
33798
2797
19067
17233
1892
17985
12225
15015
3597
3692
30543
4729
11835
23367
1763
3832
2299
2261
19219
5834
10048
10005
3290
2820
13325
31738
32287
2555
2910
10821
3801
12035
3264
5096
28057
10324
4638
3082
24071
17965
7953
6087
4013
2516
3075
24357
5686
2061
1986
13967
30920
18723
3245
3424
18695
4398
3383
28157
5629
28913
3190
13691
7496
23711
10471
913
2137
7273
3396
7329
2095
31518
27619
12599
33741
8250
6094
4496
2266
18033
16646
8774
2533
30419
3683
31133
9733
4699
1754
1644
6857
2045
1839
5662
29323
10690
29870
17141
2318
24327
1390
6988
1035
3539
4775
19977
2830
6468
29715
4371
2434
19629
2133
2673
5618
24123
1529
9868
3180
8753
2473
19569
29791
10359
1497
20945
2022
4339
4451
6028
20855
6397
5136
2874
2172
7510
7807
9881
6903
3325
7528
2675
8767
28915
7364
6069
30168
3003
16602
3062
3232
22249
3661
3285
3277
16159
4604
10525
11661
6779
30262
29766
6310
1176
5612
33129
22215
9935
9568
10259
28771
28959
14949
10607
29792
3752
2668
28439
15095
2064
3990
2234
2755
8141
3747
10823
10036
33138
19187
2662
2776
2670
32735
24935
2046
6935
6731
18831
4929
2399
29865
5109
11523
10104
4599
28603
22455
5372
6062
2278
14563
2464
12803
30074
12659
10043
4068
11299
6484
7810
6689
6448
21393
1899
33113
31454
1975
32034
7877
12683
30438
6691
8646
6861
25873
8710
7551
12965
15423
3182
2528
21775
2767
18823
16604
3309
21571
29916
8365
3037
3130
12955
1823
5938
3563
3472
15577
19351
4730
33144
30531
9053
23895
31387
16187
677
13083
2654
4191
7308
29823
5589
10373
3518
33102
2586
14129
23679
29765
22179
2203
6636
1159
13249
21215
32383
28811
19843
8730
3811
10554
2987
9009
2328
29820
6797
2614
11053
7307
2957
3135
8689
3129
30358
6855
4003
1819
23213
574
2804
23477
16786
4842
13029
1766
21041
1712
13185
12623
31403
3185
2792
2257
29437
4097
5614
2552
29853
5643
34136
4149
10751
16474
7112
6672
8950
5143
1175
3819
16606
1595
19125
28517
31165
15347
3078
10723
19999
2974
4876
9548
2980
11268
32934
5090
3295
4202
34325
6654
9940
3902
6331
21851
14231
5880
23519
4264
3306
10101
7530
6635
8289
8366
3526
2702
1383
10592
4961
3602
31593
12963
2439
8628
616
4825
8896
19103
7816
1549
16620
3824
4644
31102
5263
3176
29730
30840
8707
20801
29411
22477
2260
2959
7659
32588
33145
13087
2714
4616
6215
6901
23063
33522
30077
10511
2239
29795
23475
9154
4867
8603
14211
8751
20929
9309
2334
8626
5396
6097
10954
29799
24429
21595
4056
29793
12121
22615
9346
1778
14059
6519
1502
33220
33209
32667
15127
19217
2674
29800
6318
3127
3159
2818
33493
7612
30658
19961
18151
5522
22571
3361
5620
2839
17379
15961
6447
30981
10584
8183
2089
32625
29867
3736
2723
30071
2422
6852
4357
31117
22445
7809
8240
4868
10813
5223
9342
2977
5287
13679
8815
1883
28815
31014
13439
15891
19283
25077
4948
2365
7455
10224
29862
34324
10524
5210
4855
12485
6375
6583
24457
3813
3066
6902
9291
1083
14537
2003
2646
5249
4808
8678
2666
6520
8290
18355
2052
8632
10202
3116
3025
5644
5037
9087
2634
14095
1452
8409
2783
28309
4471
6428
16091
3644
4485
8162
13543
4935
32041
23365
17497
3567
27945
6994
5157
17953
3638
10055
8972
4597
2933
32202
22169
2656
6828
4250
313
22655
6202
29123
17969
8663
27737
20811
30075
6847
2861
9673
15527
3327
8120
2049
7610
2672
13219
5023
3906
11189
8952
188
8542
5375
3671
7021
31966
7867
8228
14247
28717
1394
21441
28045
2935
1338
2791
3279
2809
3751
23387
6837
4606
6025
30741
29409
7158
13073
8743
22347
17539
15021
18799
29796
6718
28041
1284
28715
5285
4853
5344
2094
15905
2088
22161
3843
5238
4490
9028
22081
4556
10941
17541
32311
6492
18577
5585
7611
1458
8194
18083
5475
7497
1513
28051
6206
2882
6975
29585
3313
1713
31676
6653
2934
8925
