6695
722
6035
5325
5029
3396
6434
2379
3474
1497
1768
6169
4653
392
3119
3572
2819
3829
786
3837
2135
5504
1180
5508
6615
7233
6044
2664
317
6084
4391
954
2428
1153
6051
4777
1219
4937
1272
3002
5031
3127
1338
2937
3051
5119
6451
5743
1654
43
3092
6634
1305
3802
5795
5112
5538
3973
6144
3309
6361
6118
6056
1217
4620
7200
2939
6969
6552
3858
4714
210
189
2007
4650
1169
525
1340
3378
2716
7148
612
4383
4005
6925
497
5962
3627
4300
1981
46
7053
1208
5311
6758
6246
4133
3426
5160
5199
7117
661
2237
1004
5934
5674
5745
6892
79
4517
5374
6250
6417
3599
979
6940
5220
5310
5732
418
777
2448
2185
1314
3062
3202
4896
670
5539
4964
4270
5816
1349
725
5845
1753
6869
1509
7145
5541
4629
7020
1667
3200
3492
5266
7159
5911
2303
4064
53
5819
4871
5335
400
4453
6771
6744
871
1090
64
4379
7114
1844
5137
3374
2771
1865
3112
6007
2775
4991
6474
4348
888
1679
2951
1437
1621
3324
4857
4059
5148
861
5720
4834
276
5103
702
1157
3476
5178
323
3597
4444
2762
2793
5938
4333
2079
2613
6621
3739
4552
7177
4209
5892
5515
2031
3009
5899
6265
3714
788
5409
453
7197
4838
6739
6642
5888
5616
3643
5672
2259
3964
5927
4152
5000
5840
3870
5264
2480
5201
2738
4490
6366
1530
943
5010
6780
4747
5332
7101
6158
5228
2046
1958
6959
3675
6245
99
1985
1175
294
1410
2104
37
3154
3210
4768
1591
295
1116
3671
1737
5204
5236
4656
2194
4690
3598
4942
2912
1922
3611
6710
2535
1387
4862
4477
1074
5404
5850
5278
123
3276
3087
6387
2723
3569
1999
2585
636
3240
2028
508
3656
6407
571
3557
1269
1570
6792
6493
6760
2888
662
1425
3463
5416
593
2710
5453
2874
1632
5223
5916
4452
2690
1968
1582
478
2803
880
5414
4883
2102
3785
5874
4511
4565
1281
2377
2774
4518
6426
2695
1061
3155
1640
6152
80
6490
7081
6643
5688
6706
5151
951
4749
14
5073
5056
6384
6844
6472
2310
4789
3118
7056
1191
5611
5262
4441
5966
934
6569
622
6896
5521
3896
5994
585
5411
6321
5428
6920
3861
3484
38
5889
6534
4696
3151
2740
4468
1299
2873
6372
1472
1938
3337
1476
2592
2760
5872
3137
2944
6358
6127
3515
5061
5622
6120
1522
3533
6583
6036
2469
1300
6700
1077
3098
3704
1332
6356
3793
3838
2611
6231
4866
5287
5060
5016
1223
6032
2063
2463
4907
806
5726
3352
4787
6498
926
2531
3554
4905
7080
604
1771
1320
6916
6411
4357
5075
792
6224
675
6836
5286
3124
6618
5417
5948
2417
2440
1720
7161
3526
4409
5655
6540
538
5695
7063
5045
3241
3986
2298
1395
6075
2735
321
4157
6658
1619
2515
5050
7042
1361
1216
4205
1637
5917
3685
1163
5296
3017
5357
6895
3918
4102
5302
2297
7045
248
488
404
5576
6732
567
395
1232
4302
1873
1378
3239
3631
1267
3300
1026
1549
1963
226
3650
3813
2050
7133
3927
6814
4406
723
5831
2318
34
3850
5583
6656
3279
3914
617
132
6216
6788
1213
5935
6712
5784
2282
5669
6404
5087
2409
495
5573
4497
2586
135
2394
735
2506
5904
1006
6998
1600
1209
691
2125
5027
5459
482
3792
1456
3730
7139
7216
737
183
5945
4990
1297
5244
1176
6239
1900
1137
1761
2673
6409
2108
2999
500
955
6770
6022
5559
938
590
3992
2747
3732
5021
843
5078
6978
7120
4835
3842
2580
4842
298
2621
3246
7024
3469
7125
6391
619
4723
4410
5565
5702
3759
4466
5058
7182
7211
6702
7046
4558
1545
4123
2869
2444
738
3178
4818
5053
1846
3191
6360
4559
4032
825
6012
6418
3614
2378
5375
3657
2640
7060
3189
5202
5556
5740
7049
6134
166
4738
7198
3393
5886
3610
6949
4911
4618
4321
3379
3615
6848
3834
3639
3201
159
1649
2455
3056
5141
7022
1651
2949
2059
4075
4774
3561
5915
911
4486
5693
380
6525
5939
7158
5584
6976
1474
3784
1202
5328
109
2003
1102
2564
1692
660
5570
4833
2200
5652
5386
3382
1382
6939
814
5908
6743
1287
5442
2632
3275
3047
4481
1813
5291
244
2967
611
5683
5755
6166
3115
5380
2530
2168
3313
1756
228
3522
1120
2351
6828
365
2724
1688
1013
7224
3362
4811
1815
2372
5577
3678
4790
439
701
6381
4617
3788
6608
1200
5183
1438
5690
3338
6506
3876
4575
2261
4831
5932
6339
2643
1148
48
6735
5548
301
5634
2012
1936
5549
5822
4249
3193
7174
6076
5149
2289
5630
6483
749
6102
1483
4759
1690
6463
1601
6393
4512
4346
4191
6332
3012
1396
5384
1984
5156
1108
2686
6247
3925
7061
2382
2974
1903
2921
6779
2118
1284
3072
1669
1620
5460
3731
436
4145
787
4111
2147
3215
139
5997
6371
3504
774
3548
3832
6065
460
2439
1809
7127
2878
5435
3147
6039
288
2341
5343
6021
3267
1436
4155
6083
1578
5562
1551
4215
1880
3509
4219
1937
6105
3052
1623
4309
5662
308
5699
6487
682
3117
7090
744
6145
2017
6971
5689
3373
2701
5131
6747
3283
4996
5552
5271
529
5043
6030
2820
5930
5815
2116
1210
3274
6589
5986
7178
996
6222
4786
3719
5238
5766
4216
6859
6783
1221
6724
3839
3801
1087
2688
1303
6223
3294
2933
4085
3695
3278
3751
6165
4945
2924
3169
3055
6253
6242
2115
7100
6005
2070
6459
5496
4715
1715
1103
3592
3582
2328
2244
3831
4944
4955
3357
2317
6200
6515
2811
3982
5294
4358
7154
654
1462
5838
5189
763
6089
4725
4437
5922
6274
5555
1460
6773
4773
3636
5713
208
5770
753
6726
7172
936
4148
5120
4004
6676
740
2536
3940
3231
3262
1915
5936
6008
334
3163
1861
944
1634
6568
1791
492
4734
4645
250
4432
4138
1151
2799
5767
2458
634
547
771
487
6392
692
4021
6112
6549
350
610
7163
565
6542
813
5805
3152
3150
4362
6751
4609
7057
6343
2783
5036
1569
5700
2862
663
7047
2728
4232
1814
1119
5323
4985
2623
1350
6824
4553
2456
2867
7004
1914
890
2940
1345
4140
2781
5413
461
6415
1585
4698
4007
1369
5301
6785
5931
2374
6778
741
1044
1205
2151
5113
5429
5871
2527
5076
6787
2069
1721
5491
6544
3500
5011
3075
1807
2311
958
2765
3269
6110
6845
6088
5950
3934
7089
1463
6750
4307
3547
6340
1762
2360
6055
4353
6765
2968
95
332
6866
4977
4081
6080
5768
5754
1760
3057
6006
5756
2236
3181
5485
1822
6344
6842
4130
1711
4647
4275
860
3273
7008
160
5198
1253
3485
462
2938
937
1362
1442
4202
4519
2852
4342
6910
2294
1038
807
3192
6714
1786
2649
1701
6707
5637
326
6410
2668
5793
5110
2335
4482
1594
5806
1653
1554
6586
6968
6299
3552
1065
268
6281
3160
4574
6237
5129
1731
1449
7136
4850
5649
6163
7143
3106
7214
3341
4177
3280
5694
1023
3132
7077
514
1005
5
5210
4421
7025
354
256
5203
3951
6107
2715
3621
2302
2232
929
5711
3718
1132
5025
2758
4326
5355
6960
3712
7168
1829
3123
4797
2359
2305
2953
878
485
4689
3415
5668
6262
5543
1473
6261
2652
5635
5292
3995
798
4817
6937
5394
4046
1610
4995
4814
2133
4619
6368
3288
3505
5358
4480
5255
3873
5776
3969
3535
2080
4341
2685
4662
5272
5364
4636
3742
1774
1955
6931
5566
1059
4823
6235
4685
5631
6745
6350
1313
4459
2344
3456
6646
5709
2371
5449
765
4446
4898
5041
281
4119
3911
200
1501
2095
5318
2395
3972
4917
1030
5779
2761
3028
3008
179
6100
4721
5503
6403
3944
5006
1899
4398
2722
1344
6694
6681
6817
6883
6067
5957
1665
3454
98
4560
6524
2209
2376
2010
2348
2052
6188
5445
2073
3677
883
2563
4682
5366
5247
4956
3143
6097
3096
2286
2954
6146
340
2720
2554
5794
2279
4098
6761
1508
2834
1558
3317
7236
1835
1830
4732
875
2975
4370
249
3392
7169
44
4998
3465
2757
4090
4893
68
4815
2489
6527
3803
1710
2672
4781
3486
4953
4143
3909
1399
6288
1058
393
3781
1874
1237
227
4168
1705
1980
490
2490
783
3475
4420
956
5034
6280
3903
4044
2092
4087
6653
687
1931
4999
29
3224
3629
2823
789
4505
5412
1952
1704
441
511
1060
458
1487
5235
816
2431
2805
1656
6255
6441
1847
3252
5618
2562
6416
5258
6142
6932
153
2526
1781
1033
572
4582
6680
3520
5439
216
3453
6679
269
922
4400
3981
5802
3038
3738
1695
5362
5044
5163
3745
5398
995
4709
5162
4973
5079
3050
1084
446
2595
4740
5421
4366
1385
3877
1987
4639
1482
6421
791
579
4137
5989
4969
4068
7001
5482
3924
3293
2855
4127
1796
5778
3805
4352
4719
4350
4652
4853
3024
1046
185
659
7110
3744
6649
455
4865
573
5641
4504
6303
271
261
1020
6002
5176
4658
6119
2141
966
2268
5194
599
3933
6638
6133
1066
7129
4979
2267
5714
6454
4856
3542
5706
6740
5603
5054
3439
6203
4294
3346
6811
7087
4251
1514
2246
6147
5598
7135
5419
4950
5401
1946
6789
2603
3642
3040
3609
7150
469
2633
5345
7189
3077
106
2160
2810
4683
318
1739
3605
5134
165
3388
1506
3881
2307
324
3398
4673
905
4320
1947
4554
4211
5985
2863
1672
6162
3849
6670
4927
6965
2165
5257
420
637
2614
3560
174
4210
4233
1254
6079
6837
3622
389
1926
1741
759
4359
387
6929
4816
1069
3114
5607
3235
6590
459
4094
1409
3203
748
4389
363
352
1652
6516
3014
3754
4236
4316
5878
4921
2567
4125
4663
4772
4096
2989
2293
4238
1885
1978
4750
6733
3184
4254
1650
2547
4067
7194
6647
815
1867
2342
3006
5516
2510
2207
6349
3322
5423
3446
5399
6574
2139
6654
5925
2800
4121
1309
916
5405
2763
6825
2300
2441
5420
373
3026
1811
2087
2090
5896
6683
3351
7036
286
3872
6020
4014
6466
225
6512
3638
147
3949
3442
4451
3652
2021
1294
2669
245
7146
3227
6777
1788
5665
5492
4843
2892
3265
2991
2273
5954
1418
5214
1446
820
5109
5474
3259
4280
2639
2467
6719
2418
6432
3336
2140
5724
1222
2636
1140
4570
3808
7176
4783
1324
5868
5736
3286
1021
5269
649
5952
7219
2482
4377
7083
5857
5629
6853
346
3875
2947
4449
3928
4586
4158
1504
4679
3082
6305
6530
2405
1404
4997
4285
5658
5013
6082
1441
6309
4625
2047
4716
4643
6881
646
2741
4708
3104
688
4483
2049
5388
4923
6298
3161
5249
5150
2665
6699
2902
4203
3419
2843
6034
481
6369
840
1307
3496
4561
3907
3583
904
4728
1276
1145
5517
1184
1170
2744
5710
3291
3315
2338
6389
6209
5215
4183
5218
3855
5801
2868
540
5009
6218
6374
1290
4993
2833
3085
2980
5918
5965
819
5544
5928
6419
6822
6947
1918
595
4281
2642
5877
7085
4247
1049
2952
6619
4475
3039
3706
6462
4151
6317
745
6015
5751
5193
3682
2549
530
752
6819
2641
1235
6316
1366
3741
3412
4455
4015
2925
562
2466
6447
6469
1480
7213
3989
4623
405
186
5206
2462
6945
1182
2950
4509
747
7040
1647
6868
808
4418
4010
1214
894
3779
7091
6952
284
7021
6024
768
1283
1977
1561
5003
4676
1998
3922
3206
2397
4852
1289
6984
5115
4599
6717
3990
4845
4414
4949
6799
522
3913
2274
581
750
17
3590
6017
6192
6341
5321
1843
6058
169
2355
1195
24
4288
2891
5660
5976
5905
2918
776
6930
5633
4473
1537
6850
3589
3460
2748
3158
7059
1842
6769
1422
3566
5145
4020
2107
3845
1765
528
6989
3019
2681
1415
6918
6175
3430
3477
799
5261
5937
1260
2263
3255
3
1957
3958
2072
6834
6924
4445
5205
2314
3462
6046
4936
4592
551
1015
4000
4336
5132
3538
4931
7017
3703
3541
6139
2110
6675
1190
6069
3734
4739
6130
7032
3097
5589
5675
5450
5111
3013
1111
5581
4422
2038
5569
1764
2591
1258
1106
3399
6734
4376
1424
2324
4952
1014
3032
3660
3363
2113
6559
4542
2948
977
6435
3260
5737
553
6306
4053
4516
3707
415
4095
4578
1553
6708
592
1994
6113
1447
557
6159
4180
73
1684
4176
5725
1896
3266
3701
2796
3478
1092
2745
1034
3059
335
6352
128
5890
5523
3208
6872
6903
5159
5673
3959
7231
4534
1114
1450
1159
1083
2842
4428
3455
2447
2450
2389
6715
3655
4861
5596
851
6861
652
4187
3436
2905
6390
4795
2578
4527
5760
2362
2233
4347
518
6902
1907
6229
3674
6111
2373
1790
419
1416
5991
5444
168
4381
784
4260
980
5415
6532
681
1736
7180
5026
6085
1993
3919
379
5040
1249
5739
2188
1752
1689
721
5057
5880
3070
2631
6731
2561
6066
6974
5836
4529
3027
2468
5859
433
428
4404
1220
2719
4821
6865
963
2301
6727
1564
5254
4070
6420
6125
6979
4976
3797
3543
97
6412
4086
6870
3767
6471
6629
2571
1354
1327
5155
6752
6808
3680
4951
6563
202
370
4792
1924
6266
4312
6293
2776
3183
2846
2366
2184
6970
3121
1427
5852
4984
3976
6576
348
349
1516
2906
5579
3558
5842
1335
3994
2119
1528
7234
1713
5910
1595
7005
6023
339
3882
5893
361
1431
1974
4291
5022
1419
4113
2589
5895
1780
5465
2837
7202
6909
3326
4794
5331
5174
1849
6353
2193
1019
4760
869
2015
2018
4063
1895
2544
1942
6801
1662
566
1929
6942
5554
3242
6510
2916
2287
247
315
2213
3063
2025
6686
129
6672
5487
6273
1081
3054
3943
7093
2678
3830
5123
4700
6050
3335
1572
6875
5356
1602
1862
5222
6362
4581
3332
2002
2422
5369
3058
1854
3295
2742
2229
3250
1682
1158
541
4870
6981
5349
1197
2290
4340
6626
434
7210
88
3331
7138
5818
1117
4295
3721
4521
1465
6703
77
658
3229
5557
613
1318
3856
598
5826
3725
4385
3499
5300
6256
6104
2579
6464
6688
6667
2250
2798
4373
1909
2692
4153
5654
4261
4339
6818
3846
4622
694
2060
341
7028
1484
2347
1954
3847
4610
6264
2666
2750
5480
6567
5717
6283
3005
3672
6489
1341
1407
3375
1358
5697
1306
4479
4241
2045
857
4354
6338
728
6467
1275
696
190
7134
6359
6311
7012
1274
4401
4011
3676
82
1277
4290
489
6541
5473
3448
6546
4543
2885
3724
7
5169
4681
2043
5788
775
4199
4692
1434
4279
2857
5941
1229
1959
5190
3980
6847
3836
1644
804
5682
903
4742
987
5346
2726
7018
6846
1012
2339
7104
4436
930
3212
1697
4628
4948
4906
297
126
923
5590
6176
6318
4748
6124
6840
6776
2709
5636
6395
3180
3748
5101
5612
680
4665
5208
1853
3384
6730
6614
6457
6254
2197
1051
2385
2712
2812
1097
7137
1630
6101
1028
2780
2016
5680
2266
3301
4349
3971
5070
707
710
6270
3950
900
1590
6376
1359
6380
1685
6600
6470
5088
1675
6271
120
1798
2994
5527
325
4217
1797
6888
1466
3029
6678
3420
848
993
946
4292
300
1310
4230
4126
6606
5837
3236
2484
5923
3736
1523
4147
4427
4170
1596
4331
444
4221
609
6800
548
5849
3031
6879
451
6155
1189
2746
2486
1838
6813
394
3857
3416
5854
6333
6228
533
3902
6520
6240
3777
232
2048
4496
690
2584
4274
970
6518
1943
1
233
2637
2789
4836
6014
191
6938
229
3694
5373
2137
5619
4454
3806
5533
5522
6551
5701
790
4933
1897
2966
5475
4805
3078
6633
746
6167
1541
5243
1624
1638
4061
920
7070
3401
4849
6122
6275
3414
5803
4078
1770
4528
4763
656
3214
2412
4891
3105
2352
4957
2174
2609
932
5735
2212
5158
4314
6890
163
4052
4572
3367
1068
75
4678
2605
1113
4228
5350
2487
1891
2166
6258
2525
2051
679
6951
303
5513
5529
4227
3045
1400
1432
5242
3815
2112
5530
1239
7131
2523
4146
3281
4194
896
931
2343
3287
3690
6238
6668
1355
466
4405
6003
1031
282
6722
839
626
3033
6484
5185
833
1576
156
4165
6357
6878
2971
3216
1573
6045
16
705
7075
2396
1657
4644
6424
502
148
1461
3125
2216
3427
859
3848
2145
6611
1390
5883
5361
3936
6151
330
6503
6269
5638
984
6334
847
5457
4463
4050
2769
6301
908
5835
6233
5960
2400
3659
6882
3347
1728
2619
6522
2474
3174
4317
6856
7201
1939
6401
3946
3370
5903
3306
6701
6004
6749
5081
6841
5095
1430
6958
657
5381
4301
4485
4972
152
3948
5942
5947
4324
5305
2404
4668
4141
2144
2660
6781
967
3580
7126
6830
1913
897
1908
5049
7188
773
2235
2645
1429
2569
337
862
496
5125
5993
3617
5437
4051
3512
4258
1138
11
4318
6630
6857
2019
3290
2894
5168
6607
5833
127
4450
1282
204
4250
4793
3573
3768
2683
4872
3443
1315
5454
2521
1592
4974
5005
5144
5224
1243
5395
2984
4161
2617
6523
6234
4283
5610
5468
1750
4934
2877
1062
826
6038
1171
5297
3429
4136
5196
5980
438
4631
2128
3602
5790
629
2485
1526
2247
501
3340
2320
6962
5749
2822
4566
829
1451
4174
2120
5782
3693
5977
796
3135
266
431
7130
7069
4057
1402
5382
3584
2542
4101
4484
6347
4918
1727
3211
3901
556
5424
1039
5847
5418
6860
3775
94
5033
6798
2548
1708
6365
5028
4060
4026
3068
4244
4537
1950
3103
2337
1818
4115
570
4501
1471
2426
950
695
5752
1694
3865
4798
531
305
4395
5376
3196
3342
4897
2659
3434
5834
403
4195
6296
1757
5055
62
534
2794
6628
4226
3890
280
5080
1129
884
6001
5067
7122
3405
5118
3410
1244
4810
1139
7097
2734
5525
5383
6564
3945
5226
93
5430
1702
948
3487
4755
6933
5574
899
6323
1540
5696
5094
7072
5820
961
6797
2206
6753
5253
605
3867
1988
1374
7106
3042
5191
7167
6810
644
850
4430
6737
2590
3668
3762
6437
1795
304
6601
4664
2392
2204
6322
5340
4929
3360
6121
170
3466
638
6661
435
1291
803
134
2700
3232
1003
6806
7010
5777
383
4167
510
211
155
1666
5992
5853
5691
2313
1631
1185
852
2449
2099
736
3965
2795
886
342
6000
3035
5914
643
4702
1037
1063
4243
3518
4546
3030
3285
3418
3603
3586
6907
2941
1271
7016
5091
2249
4461
421
1401
5407
6742
542
4470
141
2445
2817
1933
2491
1612
3187
6449
6414
3947
4919
4181
545
3905
1693
6820
242
4877
1626
1529
5738
5646
4494
6804
706
1734
1887
224
4024
1215
5124
21
1888
3067
5676
3479
2922
4564
6114
384
5519
5385
6128
3368
6068
4535
3625
1673
336
5602
1493
1848
2386
306
255
3723
5742
1164
1628
1808
6320
3053
1041
1725
5909
1136
6098
6983
4134
4540
4306
5065
6636
6202
2533
6616
3218
2608
3354
7099
2943
2414
5867
311
3756
6194
5551
1072
3497
31
6422
1280
6558
1238
4776
1826
3888
7062
2739
5585
1676
241
1428
4003
6973
6514
4569
5798
6986
442
1769
1194
3141
3844
6243
6268
6904
2872
4030
5104
5823
1024
667
1552
103
4118
2420
866
5410
7222
2345
2189
290
5153
6897
3630
4019
6385
4735
3556
1206
1635
4780
3146
4235
2844
2472
3916
1755
1339
1112
3011
3116
6214
3254
6585
699
41
4034
587
5881
5879
5958
4889
4043
6398
4403
1890
345
2221
3735
997
933
633
3601
2225
4697
872
5811
6826
4107
3866
4671
1951
3186
588
4887
559
3595
2299
6620
4025
445
3122
1866
2438
2402
6691
5832
2644
5647
6197
409
6442
368
6565
2992
4392
1183
6927
6536
5721
4987
1131
4550
4305
3328
1772
3165
2127
7142
5563
385
4804
2755
582
2004
2743
3688
6709
2176
2907
235
3501
102
3234
5392
1648
314
5561
66
578
1383
4166
3389
1872
58
6956
424
7215
1036
1078
4225
1494
893
5876
5020
3771
2014
2464
5787
1716
2753
3447
3906
4926
4762
3220
3099
1919
5476
1251
2898
606
7034
6885
122
47
7054
5245
6026
793
6622
6915
1181
1018
6199
3081
6452
3818
666
4962
7199
3912
7232
4361
2926
4727
2411
1605
3244
1642
1257
4680
5628
2927
3102
2331
810
5524
4313
2309
6957
5773
6863
1819
167
4769
1967
364
220
1025
7155
2326
3716
4688
7226
4585
4741
5133
2427
1589
5347
5446
3770
1606
2787
727
6999
2928
5553
2192
1614
316
6294
7116
6184
2196
6140
2421
2806
6156
2541
20
293
1616
192
3750
4771
5327
5182
754
367
3491
4229
1557
270
3737
4002
4017
6720
5943
4583
2804
2731
5320
941
7173
5467
856
87
5509
6537
260
6054
976
837
2083
90
3667
1532
4367
1043
1130
4411
6917
614
2169
3037
55
3782
6496
3863
5032
2429
3851
1353
669
447
5718
1054
2180
4654
4253
217
6053
1687
2387
475
320
6413
3579
5514
4648
2285
2094
4440
2779
4932
483
1488
3883
296
5219
3647
3190
5953
2853
2588
5729
3109
3350
2768
1839
3364
1973
140
7170
4343
3383
4930
2651
4433
173
5862
6507
4963
2594
5534
4954
6533
3979
4649
6453
6588
3507
7152
2086
1776
6662
2778
1712
23
2053
6584
3140
4093
2501
6637
5280
6547
519
1661
563
1380
1992
1664
6315
1381
4319
6623
2797
928
1906
2435
5265
35
6697
6874
6803
108
6985
6009
3450
4713
2733
4751
5273
2838
7192
6485
4071
3205
5391
1751
2061
5367
3978
1878
6716
2849
1186
3307
1719
2477
5704
5764
7023
782
4832
2058
6251
2841
3587
2629
52
4807
6594
2478
3249
1584
6835
2986
30
3705
2772
1645
5486
6129
5620
4890
4192
6135
2612
4495
1990
181
6690
5180
3812
3387
1371
4378
6064
1934
7205
6587
6573
992
1073
5107
6171
4982
5001
3444
2066
6793
795
2138
4830
4729
199
5312
6154
6639
5856
71
2124
5402
5606
4978
4023
252
2223
4066
3977
6074
2784
1517
5237
910
5498
4112
6092
6430
2635
6287
2175
5121
3377
2152
2756
3581
2177
3480
4596
1445
912
253
6864
3575
12
4239
2602
2507
6802
4873
3449
2363
1376
5175
6921
568
7218
2067
4029
6450
2628
107
5605
1995
3683
7038
4828
2136
5117
5354
4269
5135
2471
635
5670
3853
5971
1837
463
2836
2749
6345
222
4520
2727
4720
2181
6465
1800
5785
430
3900
401
3188
6236
5246
6178
4579
4989
1678
913
7235
838
4847
2312
2662
2520
1804
6829
4159
2327
2555
6031
1758
607
272
3653
873
1575
3167
2032
4885
969
6876
2271
5293
7002
986
2479
4055
7112
5084
4960
6168
5140
2650
854
4799
3596
505
6887
6373
382
5250
3985
4624
1469
5572
1296
2754
715
6570
2970
1531
1412
4908
5166
2000
4402
81
3061
3506
27
3177
5666
1960
6517
6335
4806
2851
1444
2965
2546
6115
4967
39
2908
4822
1435
4803
3687
45
7094
3001
3353
3133
6934
2006
410
5824
945
6460
561
2786
7179
1513
6319
2583
291
4510
1538
733
6099
651
6436
4892
3790
6775
171
6081
5400
2041
935
4779
42
236
3084
1292
2698
1500
177
6786
2634
615
1273
6592
2706
1263
6479
3015
3728
4083
2368
2981
1067
5505
1817
307
4968
3956
627
3998
5712
4048
7220
6206
5728
1782
3935
1135
1045
564
1266
3157
1228
3952
6397
5978
378
3493
7149
3960
3359
6508
2832
4022
6215
6689
4939
40
1226
454
5184
6181
3843
2993
5154
4536
110
5186
7230
1255
5099
1894
756
3555
7156
5448
2990
4992
1877
4601
386
2143
1259
3822
6665
5014
2882
2361
4916
1423
503
713
5074
471
631
3428
2570
1285
7000
3874
1546
4435
312
2483
2085
4701
3761
1372
3358
4272
149
494
6894
6109
3296
3225
5540
3093
2306
5368
5452
2699
6106
5309
1308
2275
432
3993
2880
3886
3159
5339
3431
1343
448
1245
3179
4298
4635
2365
5227
4160
1641
640
5614
6561
6126
704
7187
6759
2036
1964
3409
5146
5626
6774
3344
5595
1379
357
2917
1912
3173
6346
1348
2388
112
2890
3800
7039
4038
3821
6336
1452
5955
2101
3658
6310
1133
104
1397
6277
6446
231
4079
5511
7009
4329
5741
322
4876
762
4009
3385
3424
4686
5142
4591
3311
2759
673
4465
2076
369
5461
6578
3521
2407
6784
1718
4163
5898
4711
5069
6061
4434
1503
6495
1928
1515
5315
5106
3020
1970
1233
1105
981
4879
5209
1053
353
1459
3833
7193
2419
5283
201
4443
5796
4767
5864
6566
3942
4478
994
234
6723
6990
4264
3786
3164
957
196
801
5901
6692
6456
1965
2932
2239
5656
4037
6674
1426
3920
942
2150
1674
4693
2958
219
1082
543
4268
4983
3753
3715
7121
4820
6762
2173
3073
2782
3633
65
1365
6488
1593
375
4164
1916
2960
5686
6935
2434
5999
3540
28
243
7103
3879
273
1972
358
4273
3452
794
1749
230
427
154
3041
6300
6597
823
2295
51
6554
4189
6308
4345
2037
3270
2911
1110
4041
2824
5241
3408
2955
2559
4424
4074
2661
6378
3277
4597
1639
4677
5127
4471
2074
5719
7092
5891
5821
5221
1107
3417
1759
630
3071
5008
5063
4764
2657
552
3369
2600
709
3303
1288
520
6388
5017
4356
6183
144
5363
973
4756
6286
1126
4407
6204
2770
2831
413
6478
1457
3108
7195
648
7015
2186
6593
3991
3649
3819
4237
6399
2205
4788
3348
3423
6926
5829
6499
3284
2764
4162
5139
5122
4245
1860
4335
1167
5804
264
2383
2575
3069
1904
2828
5317
4363
5179
507
5116
3145
1722
5479
2156
6406
5497
7079
5623
3963
1198
4252
6386
3101
443
978
1236
914
642
479
6809
3897
4801
6698
4178
5172
4131
1486
3868
7068
5267
845
3372
2078
6195
5329
105
2972
1792
1836
3553
2158
5949
3222
4091
2871
5769
876
2183
965
6057
4212
416
3710
4912
5456
2566
3175
689
1845
6914
4587
1858
1485
2323
4580
4297
2576
5542
5048
1568
1080
5090
1527
4311
3699
4902
4839
2367
2881
907
1286
2998
2693
2364
5324
3433
5212
4809
209
3537
6650
6072
5827
6013
5455
4104
778
3823
343
1242
2505
3766
3323
712
279
1784
121
6954
3612
6383
3733
6177
1356
757
2557
18
2618
3304
246
6582
1902
5502
6170
7175
5488
6448
3166
6476
3263
6408
1391
1789
526
92
3251
512
2005
6077
6831
5173
870
1565
3110
4082
4368
4660
1196
1577
371
4844
5617
7185
4338
3810
3789
624
215
5547
1040
697
5907
6297
1571
6627
5920
130
7147
3954
5230
6248
3673
6871
6539
5996
3931
1165
6148
3330
3778
3820
158
6502
2178
2182
2845
5447
4538
6913
558
3467
5671
6612
4393
580
6312
6103
5313
6028
1732
2516
4904
5426
4880
5308
3461
1825
1141
6790
2057
2315
4303
377
2210
4256
111
2105
1042
2129
4903
1492
4691
32
4097
2957
5814
3514
560
2030
6213
4603
2097
5748
7228
2945
7118
3700
7207
213
1032
2201
57
2987
2835
4431
2473
6941
3483
4456
6764
1703
1333
4296
7225
5427
3776
1301
5919
5902
3588
1162
5337
2283
5817
639
5564
5484
6711
5397
1629
406
5472
5639
4568
4276
4171
5703
8
6211
359
6948
4116
2714
594
4077
2859
7157
6041
3316
5284
779
1386
4684
2587
3464
2903
1122
5389
569
4958
3908
2381
4499
7088
2369
3594
2040
456
5108
1730
309
6475
4573
5333
2106
1799
5165
206
6603
2711
5894
2494
3458
5963
6263
4878
4533
7209
6260
1199
1603
4947
4910
6219
6684
3722
868
2791
1801
3962
2117
2860
521
655
4812
3076
5495
3111
620
6807
1002
6370
2093
720
2708
6445
2220
6497
5316
6855
4448
2356
5379
616
5042
6604
1088
2964
4135
1100
2624
3257
2159
1966
5536
4156
6354
205
5808
1748
3966
2973
3550
7183
4028
4965
125
5866
2671
5592
6705
4388
1935
3066
1700
4213
650
6685
3334
5792
262
6059
4114
4539
1793
6091
4110
292
4670
3970
2801
2234
1520
411
1857
6557
2226
1927
4117
4464
6575
5270
1481
3268
3131
1155
5613
2077
6078
4462
1882
4863
2930
2498
1714
5715
952
892
3796
1076
4408
846
6531
901
4413
3862
1806
4770
608
5537
5597
4874
2904
2884
4491
5279
4042
5780
3207
2403
2056
5582
3953
2568
2565
6190
4506
982
927
5002
4824
2082
6123
3305
2065
214
4262
3292
2187
4208
672
3519
2433
7082
2601
2610
1566
2453
2329
5469
1989
2251
3607
4522
5464
5023
2785
2934
6427
516
2519
3036
4895
1326
1831
6029
1000
423
7203
4442
25
7098
4498
874
1389
4508
5723
2766
4056
3891
1231
3999
1542
4924
5532
6400
6160
618
6095
3258
3662
3171
6161
1660
5282
6538
6562
2825
2813
6545
6595
7033
1048
7171
2308
1856
5830
2218
4267
6955
4129
6535
1124
4390
6873
258
5334
164
6259
390
3644
6187
6572
919
1373
7007
4588
3376
5600
2241
5969
3814
1467
6019
1574
4047
4981
2198
3807
3271
3044
6553
4109
239
2227
3531
5268
6982
4754
6189
4322
3422
263
7212
7003
4344
4899
6173
2228
2543
7181
1898
3539
4642
3529
4246
1417
3593
6198
4884
3049
6602
2334
3894
4743
5765
5167
203
3228
2529
4758
5861
5956
6923
6455
4472
6232
1607
6632
4375
5066
4397
5047
4778
4438
1056
4784
5825
6543
5352
1433
3107
3987
6325
4928
4961
1325
586
4761
1256
2988
5295
22
1093
2208
4672
2001
2024
3632
5030
975
5708
1555
5256
1464
449
867
3689
4525
3204
4614
425
1011
4724
6613
5441
1539
3459
2847
3938
5082
5789
5052
7151
2556
1766
1477
6880
1746
6025
397
1670
2707
3757
5136
1917
726
2148
3893
4940
3185
5959
517
124
6862
3780
1945
1337
1668
1778
1496
5157
2593
4600
1742
3018
4829
187
2936
4218
4304
6673
3878
3648
6217
802
6823
3083
85
1677
5277
1828
2454
3113
2111
1507
4013
4544
4142
5913
5982
6617
2157
1879
2839
6997
50
5481
1152
6394
7221
6402
2717
175
4089
770
417
4867
7065
5984
4036
3320
2848
6048
6037
734
4425
7071
5940
647
4394
4255
1892
5685
4667
891
3048
1323
515
1150
1683
3769
4608
5348
3010
5510
3435
4627
2574
4149
2875
879
4106
4630
5213
6839
1923
1932
6443
5478
6663
3921
4881
116
991
3517
3709
3563
2616
2096
1754
5661
4065
7073
3247
2676
6609
3713
2577
3755
4139
5216
6302
1265
1805
2493
4530
2504
2647
180
319
6249
6313
3835
5591
4384
161
2068
2655
4655
1905
797
5851
4547
5197
10
909
338
3747
360
5733
1017
2522
4175
4913
2696
3702
4069
5568
1699
5873
1875
3772
7011
2375
863
6556
4669
5599
7111
1604
895
5783
1187
2171
2560
3502
3195
4651
6132
1548
5260
6230
5393
3930
5865
1803
6555
4374
2599
1518
842
100
6796
6655
3937
1738
1166
1816
1986
5642
7141
5973
4745
3264
1886
2446
3974
408
3840
3654
1118
4775
4201
5593
5698
5171
3794
4172
1724
2752
983
2164
7124
2697
4033
544
5403
2995
3637
1367
4257
1316
6877
7052
2322
1588
5501
535
601
6943
3482
5587
7108
1064
2457
3923
4132
6329
4220
962
5716
6912
2532
36
450
278
6093
5161
4746
6660
1346
277
5653
6738
6375
523
1499
2254
1478
717
6961
1706
6090
2809
6468
1193
3297
2026
1823
1613
2606
1563
4054
2767
758
7223
6898
3243
2009
6843
3783
5961
2332
6936
6138
3645
3003
6529
7019
2432
6355
2788
3887
5007
7084
4894
76
7055
2044
6528
577
4334
3219
6893
3468
4531
5494
6440
2883
2321
2773
999
1177
4744
1696
6805
3852
5338
3413
2518
1884
4412
2622
3170
1533
2008
1779
6833
1763
6521
5506
3698
4108
4703
2653
2390
91
6928
4800
5330
4207
2109
4289
5761
968
2865
2705
3149
685
2281
3571
832
4012
1869
2280
2304
5875
1625
7217
4922
4659
6379
5828
3910
3043
1247
3720
3684
331
6571
4687
5406
6900
2509
3302
6687
2840
5531
5929
4941
4851
3691
4016
3223
6641
2656
2240
1948
118
5692
6431
5844
1512
6908
4284
3975
7029
1304
5217
555
4638
3635
3349
2959
6438
2215
33
5807
2500
2962
1534
2270
2821
468
3532
2153
1091
5921
1490
4737
5059
2029
4612
4185
1617
6071
3386
5038
3804
2604
4796
4371
6795
19
718
6995
275
591
5187
6429
3345
1733
1227
2889
6704
668
1368
2346
4875
5240
5039
2406
1174
142
7237
743
56
484
858
4222
6500
2199
2909
596
2900
3564
2423
603
827
902
6725
4695
4584
5884
5772
254
1855
6640
4860
1910
2729
2901
7037
751
2663
7043
2682
4328
6018
4646
1388
3817
5037
4231
664
5018
2191
6304
602
1010
2130
6526
686
6919
4840
5657
7239
2961
2481
5274
1953
6179
3988
6631
4386
3746
5812
2075
6950
6851
6027
4332
809
6182
2154
265
2296
3939
2424
1618
4031
5275
7064
4502
3544
1969
1583
7095
1470
2914
1115
2630
2391
2461
6278
4193
4632
5303
2534
7078
1406
4457
1161
3549
1979
7048
2646
198
6501
4323
3168
6964
1230
138
5211
2202
5285
6367
2581
2277
3929
1840
6644
7105
3570
5762
1599
4621
653
4197
4605
5924
6185
1278
1458
1311
6326
5578
2217
1413
5422
3148
84
5170
2089
3199
2357
117
6757
1735
6682
6205
5663
1495
1851
3665
5177
2410
772
1319
834
2680
1398
2725
4523
1295
3528
6292
1876
6625
3176
7027
61
7128
1268
1547
4072
5839
1086
600
1567
5648
6580
4460
2284
2496
5344
2582
1820
6648
4593
6922
703
4173
1443
4598
5644
2596
4555
2149
575
3619
4150
4308
440
4782
146
1329
3299
5351
3441
853
6756
3752
1241
677
4946
6257
3646
2330
5990
2540
3623
4606
4551
5809
5775
2730
714
6718
3289
830
6351
4706
693
5797
3585
5307
5232
4179
4360
711
3457
5233
665
3162
3138
583
414
2430
6992
1207
3628
4006
6838
1560
6754
6149
7238
2370
906
5786
767
2242
2253
6439
1331
2684
223
6821
3692
2552
6444
4595
4694
6267
3696
1099
3025
5887
1179
1663
5528
5483
5248
3406
2495
5463
2893
5188
4234
2265
6290
178
1785
4970
3983
5299
4753
623
4556
2827
3763
3899
1535
3664
6174
881
1655
836
1743
2573
1250
4920
885
5869
1050
6901
3686
4819
2134
5425
1824
3640
1405
6953
3576
3470
4567
4223
4492
7229
1109
1096
1055
2245
5100
4018
4364
1264
6143
6794
6782
549
3327
5975
2979
1204
5390
4915
1680
3523
4699
6946
2062
4733
3641
145
5970
3355
5077
2737
5231
3134
5322
6748
2985
5147
2896
3407
1611
841
6832
1384
3760
6186
2598
1556
1357
3064
5912
3651
4712
1095
212
391
6736
3090
7162
5586
1154
473
6405
283
513
5518
3811
5239
2476
1498
1475
6289
7041
5470
4882
4271
4500
2572
4604
5900
7113
1101
3314
1881
6377
5730
5126
3740
3312
4277
5744
3144
412
882
550
7190
194
1421
2702
4785
6087
2132
6972
480
6884
2963
5781
3889
2929
3245
3380
6425
959
972
4757
3136
3574
5378
457
1246
4458
1302
1234
4182
3666
5443
4469
5627
1686
2142
3213
539
2913
4661
546
4909
4611
1192
4869
1962
4080
5062
5353
769
5707
1070
7208
5489
1893
2350
2713
2689
3524
1821
2524
4802
2100
327
5679
3086
3400
6141
5722
6040
7206
119
1211
6651
6763
1173
4548
3481
1224
1949
6987
1930
2679
5645
6677
1342
3606
576
2982
197
6282
4808
2691
2550
4637
5451
2512
6070
2170
6191
3536
6867
2488
78
1901
4616
2915
4938
2983
3859
918
2856
6492
402
329
3209
1414
5944
5105
1983
3613
2694
6858
251
5951
5341
1586
1996
4415
1047
7006
6226
6324
6504
4722
7204
3421
3198
5550
4049
7132
2027
4541
2155
625
6172
6721
3577
2861
207
2167
7044
3007
5659
7102
5632
6063
4278
137
5098
429
755
1671
4351
1745
5615
1643
2276
1921
1098
3256
1029
1726
6153
3799
6327
4084
4103
1510
4387
730
6227
1863
817
2088
422
3516
6284
3941
3091
855
7107
5507
2866
2620
6519
1016
4666
26
2425
4615
1681
2492
1559
3361
2946
3567
2732
2272
5114
4576
6911
6993
1440
864
732
2011
4626
2879
5747
4124
5771
2751
2231
1156
1775
366
1420
4040
2195
4901
376
2667
465
5500
2674
2349
1363
4562
3074
3708
4325
1850
3217
60
849
3394
4045
4935
2687
628
1001
6252
6193
1744
4524
2808
4429
5567
5681
2122
5298
3791
6010
5200
3591
4855
7196
2718
2558
917
5229
1168
3129
4675
3578
4563
821
3440
5897
5625
6746
6094
3717
4549
2996
5097
7160
6548
3824
3318
5086
971
1975
4039
5800
671
6980
7186
6511
2956
998
7123
1261
6827
259
1502
4008
6664
6011
5757
115
3488
6157
6208
3915
2084
3681
3095
5520
2854
2923
182
1646
5387
4128
7031
1580
1203
3885
2319
1519
3869
5651
2146
6766
708
6645
1411
4730
5195
5207
4355
1627
4888
5314
724
6963
6899
1550
5799
2460
5594
5365
5734
218
344
2190
1956
4105
4380
7164
96
4154
3545
6285
4417
299
3892
5085
5855
6966
6812
1360
5083
887
1709
5575
3955
5926
5342
6108
2818
6729
5974
1075
83
7191
2721
6212
3126
1562
2897
6579
176
5438
7109
7026
1057
5995
2214
1128
72
5359
6291
6494
1262
2131
4184
4092
7030
2408
2358
5499
1941
4120
5276
3498
835
1089
3425
1864
1321
2222
4035
2511
6396
3513
5608
1330
3503
6669
4204
4557
3494
5560
6486
162
1035
1833
2870
1536
964
3895
1312
6967
990
5096
2238
2499
589
5731
5371
5304
4242
4602
3023
1615
1794
2252
2451
6728
6201
5846
5019
6136
5164
3226
3403
3120
6816
3022
5252
4594
3510
5152
4088
5064
3142
1085
5336
464
1717
2627
4577
1633
3130
5841
1982
632
2626
1707
1146
1027
1468
4925
63
3366
2022
5004
1347
5988
4900
3489
4854
5684
184
3248
5290
474
2162
2919
193
6713
6741
4633
2790
5432
4423
4439
2020
3298
4224
356
3551
5263
1252
5440
4100
2502
2829
1125
1525
4837
1997
5604
1279
4707
2071
4144
426
3534
5015
2470
5609
6337
2081
1377
4426
584
2413
5545
2910
6755
69
7074
5024
4848
4813
4447
2437
6047
1810
3471
3194
7050
5477
1178
4200
398
3153
4515
5089
5068
5546
6272
898
355
6768
6131
7165
1121
2064
6096
2920
5678
949
1723
5458
800
6328
289
6988
5306
257
7153
2826
6225
5624
1454
6591
3620
6581
5979
4507
3272
3727
2703
6364
2607
2935
4980
5863
683
2597
2704
509
3089
6659
947
70
195
3670
6509
3511
5225
1740
6244
6276
2103
3634
3261
5012
6461
2638
491
641
700
143
1841
172
5727
5128
5181
4590
6505
486
2
5143
3445
554
1777
74
2393
3809
719
2054
3046
4310
828
5462
15
5667
1225
1079
3139
3568
1505
4766
2055
4396
988
4966
1944
6671
3308
6560
3237
6049
3787
6767
3798
831
6815
5687
1134
3094
674
6331
2553
313
3490
5558
1240
3984
4886
3661
5677
2255
5933
1802
812
3197
5372
5588
3339
2545
6599
6666
1393
470
5813
6363
150
1940
2292
2316
6905
4826
2508
2013
5860
3884
1453
2248
989
3333
4513
6596
4634
499
287
4259
6477
2114
645
2163
4986
4287
739
4858
5431
760
1691
3604
4994
5580
5130
4416
4975
5967
1859
5071
2886
5046
7144
4859
2126
3080
5490
59
310
5998
6210
3282
3565
388
2033
3957
2816
3711
5396
818
6994
1608
7096
4791
2325
3825
4710
766
5885
4864
865
6996
6348
3391
2415
2219
101
4589
6033
5640
3624
822
3437
4240
2035
5370
3795
1142
1827
1364
5289
6473
1009
4315
5758
4765
4736
6481
4752
1883
3816
1920
1597
7115
3562
5946
5643
4487
5882
5471
113
6891
3230
7119
6150
6772
3472
524
5906
3390
527
1871
1489
238
5377
3397
9
4640
1127
1370
7013
2034
3669
3365
3932
716
3749
3508
136
3997
2648
731
742
1747
805
3128
504
67
3495
6137
1188
6180
6220
3758
6086
5234
1328
6423
333
3221
4214
4704
5774
5972
6016
1408
4188
1201
2976
2262
2416
6854
7227
2224
4827
1293
953
3765
5288
3841
5968
5843
2658
4058
3726
1609
114
536
362
5810
3321
2269
2288
374
2977
3854
3530
5763
1834
4073
6117
6480
1104
3774
6491
5650
6196
3729
1022
824
764
6428
5848
985
4286
4674
5326
915
1587
6849
3402
7051
2336
6693
4265
5360
4841
3310
3679
3172
4641
4299
86
3871
4282
2278
4122
3743
3559
1521
6975
6657
131
