272
292
601
122
117
520
597
192
87
267
147
462
141
608
309
543
337
484
365
34
85
83
469
561
139
544
470
504
153
391
579
179
413
458
493
150
535
247
537
220
303
156
38
217
465
291
318
99
569
435
241
0
66
10
432
563
224
115
166
540
123
111
315
8
88
433
19
606
328
586
460
325
609
22
300
350
582
17
254
479
593
265
193
474
516
164
43
341
80
491
49
159
82
167
419
151
16
400
59
152
204
387
266
30
555
64
442
284
251
23
312
77
72
286
463
477
596
7
242
412
352
288
397
18
52
191
250
172
55
218
420
228
65
105
70
100
212
257
549
15
481
268
96
305
415
533
279
424
37
431
379
165
125
332
598
146
453
302
63
102
128
233
245
62
39
226
385
339
155
277
307
27
331
276
444
196
581
213
163
392
211
510
238
366
369
587
483
119
248
344
14
71
429
354
25
197
448
324
210
24
599
459
518
79
414
401
239
329
264
336
131
73
252
47
143
1
148
390
154
243
121
539
205
526
202
78
240
437
222
289
177
498
559
89
145
389
98
497
377
447
534
214
522
33
473
97
45
281
320
461
359
225
357
229
452
552
333
278
95
464
91
308
253
31
61
36
270
176
566
194
507
316
450
60
485
487
285
580
577
187
175
206
595
230
137
445
283
355
126
501
199
509
161
234
195
35
216
237
51
296
343
348
310
108
185
142
523
396
190
604
368
394
68
405
449
90
527
541
67
94
371
207
314
26
299
531
588
426
408
93
313
591
236
347
32
443
56
29
42
417
423
58
219
585
475
513
351
287
48
490
590
528
418
406
249
221
334
574
12
428
304
545
547
44
258
246
162
519
180
101
373
263
306
160
570
2
110
186
298
136
600
565
201
158
440
317
573
486
505
367
301
382
182
603
323
605
6
135
353
290
113
41
120
524
124
517
568
370
553
203
542
118
472
402
188
562
421
168
471
506
378
231
466
174
183
538
536
271
468
455
294
244
494
363
189
4
489
395
399
54
5
40
439
297
20
75
255
280
342
259
326
607
134
311
416
262
215
116
556
104
112
514
330
107
410
376
92
438
372
362
322
209
109
478
346
583
409
393
454
295
50
508
381
375
578
208
441
546
457
338
380
157
171
456
198
576
256
235
434
594
529
551
567
132
13
293
500
502
57
360
384
451
589
575
515
530
430
84
269
495
86
482
525
374
149
275
260
560
584
572
532
173
261
496
488
223
319
130
21
512
114
127
129
358
403
321
232
404
554
170
138
340
178
69
564
81
467
181
602
592
28
133
492
227
427
521
3
345
356
274
349
398
446
76
422
282
103
557
327
361
386
548
184
558
436
273
46
571
53
140
144
11
411
425
169
407
200
106
335
480
503
476
511
74
383
388
9
550
364
499
