7347
2409
121342
2329
36517
3072
1625
440
541
1210
1104
2331
589
95
26776
71057
3412
3755
1014
6870
8528
2598
798
1258
2391
2376
3147
564
380
2617
80463
7438
1093
1968
6323
3160
68319
3548
1240
6863
81591
5481
4993
3527
4995
160563
88405
5952
1007
1408
90430
494
187595
529
349
1196
1945
4981
169958
736
165671
57640
1275
2116
7153
118900
34150
39869
3536
111759
940
117176
3213
1921
2985
125974
648
31
903
1719
3897
3418
40959
235
68205
112183
2058
4734
1816
1527
733
3813
3409
3266
1237
1221
344
457
2485
2774
531
96020
2752
1278
2710
47
780
1580
337
6213
1265
6534
2571
62434
1017
296
4703
2239
86892
5220
1895
784
26471
60040
41566
48780
39183
4976
26313
84954
1610
89580
141749
4799
788
1801
91535
5816
904
5548
2324
106487
63082
49284
2028
1084
442
897
1303
90600
919
115713
7265
8961
45186
7090
56367
69951
1387
80590
911
3827
2100
2396
30707
1291
85510
1244
27193
6187
8361
6550
182715
4308
778
3763
2959
2090
51084
1682
2968
8494
27266
53996
5464
3267
3578
5903
6707
81845
96737
1103
2053
2826
3052
2947
2161
1488
5989
4571
115149
27834
99114
1333
4632
1356
2990
3499
551
61236
1453
1219
4226
7015
1605
6539
4886
161
608
5669
59315
367
185
2699
6377
593
64969
317
5378
1836
1186
86
54001
2384
592
2181
95105
480
653
858
1277
328
57669
216
7832
281
343
2012
1732
1197
8784
2858
4878
68954
2746
94777
2664
7149
3020
2174
1206
3243
86290
933
4654
76251
1702
82461
2470
3168
628
26778
3752
4016
2867
1377
26662
7325
224
1584
377
37386
5316
49932
94780
1446
41573
73042
1573
1996
8340
6893
37729
44665
3753
64614
5218
51091
4388
51540
2018
6464
157122
590
88785
1835
2683
2340
63992
91658
58559
3421
1047
691
441
7373
2338
3791
2490
5049
288
1179
3386
417
1378
27368
8641
1701
98243
63072
4900
532
2038
5267
2706
204
1894
56145
1784
64983
4367
916
2792
2804
1036
1124
6440
852
8970
7445
2762
187593
90374
5608
1995
2763
2321
14
454
1276
106642
4616
1597
5060
101612
134130
166528
1041
1760
71264
5955
130444
661
22
3361
420
293
106072
44195
1215
5995
8638
120138
1641
951
1884
4720
3811
849
25
741
8665
900
1079
5899
208
53435
2300
5418
7451
60684
107406
944
2987
34528
4327
113186
6373
26464
1013
3503
1952
2006
6536
3968
2245
6800
786
88163
2167
7316
97913
2115
91529
4344
253
2427
1380
5283
25833
1680
7361
113378
2986
5151
4085
186
19
1603
597
1939
147382
85342
1997
223
152970
1030
1035
83613
356
7318
1288
111800
2311
1644
13
8266
2367
66371
1049
154358
2641
1464
57243
2871
3501
8464
5072
39
810
2377
1350
4262
6183
62
4238
8491
2829
4306
44788
3623
100083
63859
109374
20
1213
2141
8529
3114
112138
2918
5618
10
3034
1620
485
6945
44864
34323
17
3
4973
415
60756
1883
44
1266
3793
267
5810
159
1556
500
3896
1208
4816
2795
93272
4496
106002
1090
3087
2791
33815
2146
4128
953
71535
300
1193
3534
36519
5577
5480
4022
96588
2662
828
78209
2482
5470
92643
1371
68157
5152
5319
69
1783
4975
330
92391
6365
1960
5427
57368
3814
2628
112556
2862
73
6016
70
79132
5872
8983
745
95771
4583
3175
49220
926
96935
50
1
6886
3155
1704
1608
7254
260
88129
1793
45722
3977
8810
4899
2749
4921
1348
176101
3785
5712
355
27186
1367
2716
2194
275
98961
93326
88744
72641
2745
5945
34437
982
1220
53447
101025
8677
2243
52435
135133
1917
60950
61024
4027
157
122904
968
48883
33004
72998
594
1848
164909
537
4963
76077
2654
5400
46322
122892
54256
63131
1320
1270
1485
5971
1101
81847
2424
5528
11
4103
348
1457
6290
2881
6872
2851
2692
277
3210
5349
116823
1562
2423
1513
3393
587
6166
1274
5500
3525
1407
6537
1226
150
924
1200
118198
56174
103339
1517
55830
3873
1954
4015
3745
4161
78959
50804
6565
2094
7312
4247
3868
6
2616
4310
1027
3301
80549
2044
32011
21
1099
1207
6332
1073
39414
140237
2944
2126
4967
49530
1748
1188
6564
4292
1148
1950
140265
272
27899
3967
145
3067
2369
1396
2580
720
91630
327
7099
357
419
555
40278
915
1183
1345
8873
7982
102686
4160
207
30816
152081
85131
6936
87232
1284
282
1021
99728
1370
106782
170875
2724
1552
2408
5255
1127
410
110
1077
9008
8622
4446
714
91500
3401
585
2912
102445
533
44851
4830
122900
3701
2394
4678
2352
140110
802
1259
2798
3098
2064
4221
3615
5448
59387
247
2822
34072
33679
51255
263
2732
1198
1912
1136
48516
2515
1190
3698
95307
3186
69069
74458
8755
3654
1598
1586
48738
1252
25750
805
49274
4848
170297
31696
83134
1358
1006
55290
42943
112421
514
98203
166635
345
880
2797
4733
3969
1059
67255
59369
3448
6157
1729
1231
3930
6868
4246
1298
142115
432
27539
6947
6989
74946
353
52281
1711
172
33660
35836
4051
6305
117533
1947
2788
3949
3461
74
31410
2072
2371
2431
102125
33493
8808
3489
2405
79592
1721
4527
368
4011
55276
94070
2404
2720
6333
1202
3317
3250
4034
40629
3717
56775
527
122922
2139
2502
27762
36
3784
3082
5459
2770
32
5266
104076
1617
2046
1285
2142
67734
96110
2539
4018
491
5954
5014
38061
7493
118326
99112
3363
799
2054
2890
2153
104879
1214
595
8644
991
2606
48520
2533
1247
108188
56941
492
3198
3948
8604
1866
33677
6378
2857
81932
16
4299
1019
55094
41571
1204
3255
1614
393
2122
82169
1690
8327
2808
156
4876
54272
4062
2542
84374
519
153
162578
44555
898
3063
48
25927
44191
88810
3632
3101
4110
516
1569
25752
178323
163
90769
169984
139644
58301
122898
4572
2951
167036
1267
513
1673
2105
7458
69481
4159
27773
53468
34162
114066
3751
59258
52973
4896
53953
1862
707
1089
2067
2989
32022
1889
3444
65126
32587
3809
63276
438
2872
4475
2051
2378
2291
61132
26564
101577
4887
1891
3408
54286
4359
93838
1892
26347
31658
7387
2640
6162
53000
8362
4033
7569
4638
66511
8011
2080
134853
3479
2993
1218
8981
4865
647
8360
3176
106696
3272
6267
3018
2336
1094
7371
1833
170705
4127
174055
2013
2088
1050
92475
2468
3871
2262
329
34048
3181
318
79702
8861
765
118512
27803
3462
1029
8128
97921
2410
996
3877
52
132800
3702
2949
1022
52245
2001
57504
4361
3740
7320
84944
3283
908
1385
3929
31114
1911
2567
2027
33166
5956
1658
1466
37733
7004
2160
8798
26713
2707
43930
2026
1965
79293
2388
86833
46972
168
1379
4237
62344
471
1211
2078
100714
1374
1429
3528
1967
7
174681
7022
33794
31685
2908
5445
4564
71147
2701
103235
435
81834
2413
170597
8879
116724
2460
2236
60069
5878
376
912
147384
31433
176
5782
1028
292
2600
141
1381
2294
2231
3996
1257
1280
3113
4980
29
1754
3258
3769
77561
808
535
588
1931
1060
87869
6283
762
486
6710
2002
3614
829
7160
5632
58998
58376
191
8132
93840
5291
969
3690
101864
4958
5970
1909
361
2132
120635
1707
3163
53022
112
3273
8368
3635
3695
34338
1250
3039
44972
813
3019
4378
5417
5544
6785
179511
34
2019
370
70293
6159
3567
246
5438
3545
6709
47099
1411
127202
55908
3417
45720
2275
30793
3550
53125
2110
46335
6286
78499
58
2529
922
3196
102123
58425
1770
40815
1287
3535
258
851
1920
3275
5690
3916
4889
455
1033
1273
52604
8493
132796
4010
68793
2866
8410
7060
6374
5804
553
2137
1904
6687
5333
69844
104218
2124
8533
5388
2133
118270
2905
2302
261
159811
111364
48082
3744
3307
905
2288
2915
5891
6770
4463
46948
74508
149830
26303
1170
6368
8865
4370
4804
3450
546
3252
5796
96417
4248
1797
112804
85774
54259
33495
6807
141844
64839
5502
1805
122882
171011
2249
6188
3173
1923
1959
81564
1689
1639
128852
54503
1248
3033
869
60126
44189
2140
2023
5803
5099
23
1080
1590
445
51935
101
4387
27674
93022
4129
5103
4584
2134
2144
3510
4223
627
4132
2937
4270
3105
105653
2387
88272
4322
115680
4397
2395
60074
3679
3468
616
2916
809
5065
106100
46530
88140
2657
89864
1566
45672
111663
2003
118997
1479
364
4776
316
104
6429
3174
1282
164179
5747
2099
185135
4979
5299
69306
923
5323
4942
6308
524
88125
2009
7619
46578
79242
7844
81
3617
1726
151501
1233
27820
39400
34520
6300
1918
914
44929
2907
59022
115617
5222
76093
1953
168456
4558
2925
135518
5791
26870
59333
34523
2109
138036
53972
2793
2642
1372
5944
158
3452
605
44828
1688
225
4641
48783
52967
2599
135532
3498
1893
3189
99145
2861
6625
3253
34336
2713
3742
1199
1203
1295
8949
2290
157108
3477
2360
1194
125
3372
2581
528
60072
7156
31116
2005
4002
168366
98230
7930
130520
1938
58295
114935
40819
81562
5454
55442
69406
2403
3504
1120
1624
543
3035
3397
8366
135143
61248
7618
184
76
671
52241
175
96448
53140
48774
26242
2255
36529
8848
412
1271
111
73017
82167
33639
2
1212
4154
3068
87529
2379
909
7058
99846
94677
3687
90866
5449
53322
73023
48877
26444
4473
8012
1343
3952
118880
128900
106916
33421
2875
2926
3100
4874
231
6218
49272
5693
2446
1304
128360
71838
446
64957
2643
3703
56587
1589
539
2355
30810
97306
1261
497
61
55820
5849
333
3424
2700
65230
32031
31367
3959
2154
3471
2000
5377
2076
1172
6753
1432
4054
65088
68073
187541
1015
1292
6125
112175
136864
1542
5636
374
2457
3638
5420
87306
110102
66
3688
3844
1125
4447
314
1653
92259
4369
1228
248
148709
61323
6810
2087
107141
86142
2092
71033
3639
55995
4482
74450
464
3441
95167
160
1394
4105
42011
26152
5055
3261
5735
4386
5010
78218
41569
69757
580
2011
3108
910
508
3917
2108
7381
118888
7139
2997
145839
5361
2081
444
55805
1359
69640
3984
1086
3863
2176
136018
105844
1643
2953
6548
4677
2264
5678
68791
3994
71466
8957
2722
51662
3985
42002
106920
148626
5574
5015
6280
928
33615
466
782
4844
2728
180
1097
6774
2467
171763
92694
53808
122886
1876
71464
30812
4825
2359
2202
6541
43708
8869
2278
68952
7444
93297
72167
697
2971
117881
2863
196
94959
7394
1222
3515
414
552
750
68659
2010
112818
2335
3766
2942
4679
6012
72011
31553
748
74095
122896
8645
3274
30825
18
1375
2375
4478
176415
3256
3254
5296
8947
27731
719
72226
1961
54771
4803
72378
1004
103228
619
2717
6934
2060
2505
6249
2303
1192
2552
88
6927
49688
47200
2353
87485
5646
2816
33725
114180
1459
62250
1974
4718
1373
119145
173
124273
434
2014
3584
673
103341
3681
1246
97938
47610
2518
3148
6264
32582
1042
3088
1476
7164
1606
55267
3516
2097
1256
2091
312
85412
3726
52722
7561
6884
1189
2719
55232
509
2690
708
164881
3265
4029
4946
927
2735
1037
2694
3153
87430
5391
2759
1405
2381
112070
64575
6577
54997
558
5023
3733
74795
8713
40966
7143
136020
3115
133867
67695
2117
3045
2195
157775
4890
613
116797
94931
4239
8376
53921
3271
7067
3572
4091
39292
2241
50954
75985
5071
56379
112852
3707
5446
79091
3806
47044
112290
40732
7460
3435
5110
53993
141890
36527
68135
308
48385
89492
986
1804
6003
62155
4866
31221
36708
5630
147250
5504
103384
1979
85414
266
1449
413
6596
2416
3671
1361
147328
1334
3538
65216
7882
3062
2421
7216
4744
159817
91542
1722
135
2414
45221
2145
127096
1263
1498
468
3699
1544
1249
47997
39446
8093
2917
80219
2325
2402
4701
56757
1924
3032
1130
168252
1717
8880
1526
899
1307
586
517
6503
42176
5297
166461
198
8636
3927
1032
104841
4329
61240
7443
142488
1129
8487
322
4025
2736
41997
5325
6796
91947
103249
6250
1272
1747
6793
6963
27831
127052
2877
85056
53464
45950
3107
2528
27706
5620
4205
2671
112623
832
9018
45728
108932
2366
362
1806
2922
1958
68347
1391
95720
97870
4214
36401
120478
46976
26871
8391
427
2328
7360
416
44004
830
165
45928
5027
4409
163134
47644
86190
8371
86960
5471
1176
57274
68358
1342
4040
73854
6944
1619
688
5679
50794
106489
2406
562
540
342
3081
155820
45447
303
4901
1376
8967
7147
3097
1010
107
59784
46970
610
8937
3006
5650
5
4351
475
839
5991
7396
94864
305
148775
2940
2138
3683
85354
7317
8695
167746
8783
7007
4673
7001
2182
2380
92264
4914
52375
6593
4102
86880
2411
3316
3799
6502
31878
7492
73321
4643
87192
2530
95583
42018
2365
8526
596
6932
101112
5106
3889
128975
112788
1955
7757
79695
82459
129011
66097
72489
105037
2188
4141
7225
70984
6329
55118
93134
8370
5882
2554
2747
116799
6049
6100
3076
290
5398
148482
69122
55247
3476
51080
2392
3979
7700
3269
1441
26861
1243
5013
62374
1670
1092
7034
40583
4148
6567
1656
153236
122920
50872
2183
2165
4195
93510
5073
2052
2734
85367
1393
102407
90343
8607
520
53121
265
42007
91261
162350
79553
783
1982
171751
98585
2020
3909
45880
4130
237
140
5673
99007
177765
129354
4293
1091
7649
2531
8928
53550
4732
433
32917
2301
4490
3208
4211
2991
26578
2083
2429
249
4037
3693
5048
4084
236
2150
1635
976
7205
1088
74789
111743
3200
1674
104211
3668
6650
2163
1299
891
48997
1011
4974
6874
6232
2593
6645
78574
101142
38038
2400
836
2463
110130
27838
27660
7324
2169
477
3684
48032
2389
4785
89761
2159
6942
5168
58803
103772
72407
5213
27722
51314
78
3858
111781
4041
2709
6063
6788
2428
83
1254
86332
2247
4232
40723
1882
90576
202
1831
6890
47254
1161
4131
56805
6711
1175
6857
3846
4771
54995
9004
66934
30749
54004
4052
27611
4634
1870
2541
158966
5303
5437
104906
97172
105593
5419
89470
70286
4642
7162
58107
522
4021
1227
1676
5021
174
1363
2522
54354
4278
2899
71131
6155
5990
4275
86882
5710
5025
6310
1663
1251
122918
3287
930
307
162600
80363
51709
4233
4426
1821
5466
1095
114662
68554
5308
24
42422
49278
8666
8458
1357
6620
52458
59037
138204
113416
3869
67788
3398
109487
1354
3251
2469
8874
6296
363
6873
8623
1665
3257
60289
177593
3729
3308
106927
3000
100498
2761
3767
171749
103335
71999
1713
2726
93
1025
75
3295
25825
8656
42738
6148
54185
168250
63113
227
27397
59615
1409
53519
346
2501
2676
2372
4798
34405
1753
83803
133712
56152
6184
230
8640
2106
3354
182823
2712
26965
679
2033
79333
407
1253
4349
1337
61071
262
90746
2535
3244
95309
4591
60904
6014
5294
3529
37741
2644
97752
5614
3146
67087
111360
1615
6612
8833
3599
62999
108945
81788
2407
6025
460
7323
26073
5902
135536
6156
4255
66785
12
26322
33090
1587
354
3502
96610
6383
4086
141422
141544
2207
5957
252
3910
2057
3071
5146
7080
8950
48322
7169
472
4499
4883
6764
5581
1217
4915
45081
6957
115122
130490
6357
892
1461
4123
1779
96861
95201
6245
431
4467
3624
27728
507
45517
61250
2693
3095
3467
670
67923
5053
131610
1061
95510
183959
4725
111680
2206
3512
2688
33162
2114
48394
28
47518
80489
117887
5505
71282
3466
53453
5501
5490
49286
474
78637
1633
108729
95875
152085
8965
76751
5444
1171
650
160271
2970
6442
3946
339
4228
5039
62849
3478
7976
7154
7346
63853
100507
3037
4516
1020
92243
84152
2802
184015
2794
2550
3710
3247
8125
4333
3022
27251
1873
84246
181
640
4429
1588
140481
47774
5363
220
6427
2151
27808
26184
1339
5135
118696
48142
88697
7118
3066
79
5611
6586
8238
7481
2779
60
44225
1242
43904
89087
3841
5219
5092
64034
1515
4289
64716
89745
3986
25886
2478
1991
106594
71867
2718
45431
7255
1283
2805
3089
7773
3552
1135
4709
26084
27563
2296
3355
2504
32799
6951
73266
1500
44974
48696
160438
833
4326
4898
6952
26492
60857
44199
1209
1234
1914
26903
69644
6974
1302
1347
6768
1693
31973
7698
55282
60037
108928
3438
418
4452
158813
3359
1994
3843
2393
69526
61352
91653
151739
4175
4774
7934
2936
6560
5497
7720
7008
637
33154
2346
6958
86835
96530
1827
43836
110553
2697
954
43396
3102
581
27408
5478
61394
7439
3508
100843
84847
105121
2283
4546
5582
4624
161580
2572
98124
6344
42602
90057
3070
161127
306
4007
3821
5568
3285
382
3911
1260
2271
185029
71530
574
8979
366
1330
3798
176423
69606
3768
913
56782
4092
215
548
1297
80748
3481
2442
2730
109317
97
42725
58293
39231
44761
7786
2561
81537
1480
144222
902
5128
160080
7701
256
114795
1290
64285
109941
4019
1888
6754
1225
78349
6348
32029
5530
105755
83910
920
2268
781
233
4927
838
96964
7348
3893
99149
91323
4381
5279
7115
104339
2611
108156
8019
87194
173873
96079
33830
7376
2361
371
2333
3555
34534
2118
7151
8270
1683
3770
51931
3506
7303
3837
100553
107410
123545
325
57528
5382
2193
1946
40339
3262
694
54785
3608
69453
3328
161131
4014
257
5617
134368
170
103042
3937
95558
3263
73499
91077
3264
6523
3999
2208
47423
53143
4042
276
51037
2672
5443
5247
3053
7587
6223
8507
3219
96432
1735
3835
6776
6618
2995
5959
4006
8228
2111
178061
53161
3758
1201
82378
8169
2900
2152
6316
4902
785
2273
5254
2156
167570
42009
67408
2731
3396
3388
2269
4267
70492
124851
1456
3988
2412
155509
106918
4777
2491
2322
149902
5011
804
2096
8711
5136
8609
6662
105504
2155
86644
2289
1064
69784
3362
5507
4639
384
4903
3445
55765
1425
2786
663
5313
2059
493
2085
2893
4441
2924
8958
102720
1944
2430
26504
72603
55553
25996
2432
5425
4477
128512
2558
1616
107702
383
52975
5285
6140
34542
97304
7636
4153
112316
7573
611
2401
1627
1948
6375
105
34143
114762
7362
58291
378
8447
89753
8643
64197
65
2596
4518
66203
179401
41617
6658
6298
971
6659
6953
2422
4498
5238
8724
879
5999
482
74624
86293
6881
140525
6350
3178
83369
68237
7293
4845
25805
65261
41716
71579
51077
93363
8372
59421
232
158783
5066
2048
6371
1327
2527
26593
8984
1417
7981
3519
7812
1326
5171
6287
4412
53129
27627
6965
110297
32728
26712
37727
116963
40962
3864
4815
45499
75805
54999
2121
5575
662
49666
5531
15
51884
143896
542
8154
4893
27904
25856
72701
91094
50442
3705
4846
97757
46572
3855
2382
3060
350
86347
1416
27555
2815
428
1933
52328
31923
2471
3440
2082
1081
5524
188675
116849
62511
55245
3627
1344
3951
6993
5450
1962
2253
4167
176371
52885
159441
102194
59141
93443
144
489
2817
4470
3953
1642
3730
31364
44301
91104
71156
86548
58404
1541
107348
8057
3138
6212
7051
1809
54648
3016
112940
3819
6885
1389
81229
113741
6410
7173
6999
93512
1499
6059
1645
3980
84772
4067
6281
3898
78105
48698
3013
4056
1388
4168
1324
118924
5784
373
5570
999
2870
7811
5700
1137
155774
3507
151
5389
4823
4241
181315
5246
76293
164375
2880
74510
184471
8044
2473
1117
5640
5248
1264
4126
1718
85261
1100
3906
6289
95543
8033
7102
950
5463
116411
3300
6920
41285
94266
7033
2492
166643
4225
27815
1964
1609
113453
1969
100
72737
2948
140174
122926
1772
54881
25841
5604
5341
575
4321
700
379
4030
3342
4448
32770
5992
1571
2843
429
5965
58047
5979
1366
1518
89904
5665
2419
39801
8383
80241
6367
26704
737
534
7028
104241
4036
71668
4969
948
8907
59900
7843
2015
56171
106883
3104
818
234
112171
32009
55261
4389
141810
1043
93831
8684
3197
2648
4545
158388
43936
25962
8730
49396
55620
102007
1777
54281
70305
63
5689
27020
31225
3524
7570
4524
65514
4681
7193
95441
33781
7245
166534
25771
6867
2614
71108
25940
98154
8934
315
424
1268
91935
3732
27685
92348
1672
55167
6765
34148
2455
1858
3543
65188
291
7419
70932
96821
58154
2248
3686
1241
4069
94
6306
50003
6182
25898
86286
97836
2828
3633
210
65802
1230
612
1983
473
2354
351
2605
606
5455
478
101088
3697
25850
5741
121129
1353
4133
2570
111659
92
347
4713
645
3591
2050
90863
3238
4992
1235
5932
150548
4353
1185
3629
1916
120783
89586
98491
5585
6331
165947
7064
5293
1516
4670
3859
2966
8611
5159
3329
3302
49651
116
259
1151
1422
8771
102033
4796
27846
3159
2739
63876
106766
8167
5345
7040
31660
866
285
136562
33138
1216
55363
141688
1321
98809
7579
7234
114246
27434
7789
4660
4686
26265
5621
6850
3997
3347
994
3111
2840
4533
3480
1582
2896
3882
39427
538
37731
3306
135569
32584
1223
3981
38159
175569
83976
135887
88746
7104
1792
90245
51086
5553
2668
7046
1162
57
2021
69436
1016
8933
8959
2659
5881
64116
3771
1438
159069
2475
6985
5573
27776
4489
239
1057
37830
3040
2420
8451
205
3920
5853
6584
84615
4769
6595
68945
3360
104863
32598
615
52287
39435
32600
5462
95311
1430
1262
89388
53894
6535
1907
84273
217
800
166015
33201
5610
7810
53123
3564
164917
3593
158027
3235
118862
1177
2819
87520
73804
86320
72733
7802
58156
50685
80864
55721
3024
161922
3143
58783
3341
1281
26645
90249
8773
4802
42723
952
1269
2458
3268
6755
67193
4465
122490
3156
26587
62394
51939
3496
77800
3664
2841
4964
26810
3259
7624
58347
3826
100163
4023
2723
4625
577
90888
74324
5139
183199
157296
2298
6268
171867
1224
80693
709
114028
77455
4366
1023
133195
4676
173145
157699
7091
502
45732
4109
6301
45440
84601
69604
4629
405
5637
109161
147
184997
2622
33669
112515
2034
4008
5829
2447
33437
955
3044
656
1681
62439
273
43679
78469
3109
7101
4024
3513
2456
115231
49822
2496
84392
579
2450
6554
117109
5572
8972
4801
1301
132454
4254
1346
3549
3783
8512
2162
3310
85397
2448
6787
188
2279
129229
861
743
74683
37857
7238
2882
5477
1487
33779
48982
7772
2474
8807
7983
2344
47950
8799
5250
149566
2803
2524
102903
3028
1885
66090
1096
6337
2227
8870
5619
567
4113
949
1602
3083
86864
3704
2887
3950
26681
2265
56176
1998
360
2374
90405
7932
64030
4039
127180
84952
114494
4792
149612
27
64622
3270
133545
4689
678
46723
81782
164
142536
1757
456
3484
32632
5348
4474
4218
104374
5298
148652
7163
421
5205
7191
1336
119655
90945
4623
39449
2634
68
86911
126426
44694
155
724
87298
69275
87
1031
8364
3990
170939
159161
6297
8800
319
6515
85736
162344
5771
459
8910
37720
7184
147300
2787
55080
165101
2312
112552
84950
3094
6104
4144
5075
4593
3152
102481
3334
453
5292
5589
6460
3685
3616
2454
2686
169912
3573
64
2941
98697
2537
27878
5008
132422
51545
165529
5613
7292
58162
1468
128620
2123
222
6669
5941
4994
4408
6888
3682
7714
102823
86898
146986
2055
5539
2670
30818
173751
1730
965
3030
4
3431
26726
26547
87304
1442
5915
3677
102716
3451
3957
6483
3429
108078
149352
121374
7215
49772
2443
6216
2639
4492
1005
122916
2973
37384
173197
2037
143385
139640
2433
159415
5943
143367
6961
255
179819
2130
3802
3912
168326
901
93721
91784
127098
3839
7366
167370
2748
64501
6591
3099
3204
4298
74698
108540
6405
52319
129657
5080
1474
2297
79428
140627
8582
59143
45028
1999
70565
82
62293
3422
137595
1178
8917
93287
54908
6791
1040
7161
5421
87483
1147
66297
184245
6538
1191
111617
6210
4484
7093
1648
44193
4343
7834
1956
7263
132333
53138
96829
158872
4488
26344
7117
4035
2764
942
87222
128520
64620
54
157312
1390
168418
7845
26151
25797
26812
7247
27008
1238
7336
8614
4265
3992
2148
48043
177763
195
6581
145994
6882
3978
71135
71970
92439
47970
4621
70183
8338
108981
8781
3618
3420
5929
7615
2796
117529
77201
7753
110882
102590
5112
4568
3182
2956
62336
156609
728
4325
6510
33237
8477
56339
2373
59947
6031
2272
7256
85022
95165
6271
5873
60760
3177
3036
1906
2894
100527
109483
4220
70336
5016
48598
69278
4911
279
103141
4339
72479
90376
6266
3833
544
3973
27328
7454
6466
4563
109578
1306
132
60408
8908
3966
2962
174045
2574
430
3706
4235
71268
66744
5385
55451
97225
280
131439
7059
2065
3606
8809
160954
103810
157270
7299
54734
89774
30848
5040
26686
43928
123200
95744
4587
4082
4193
2436
128592
25746
4356
2534
3915
6790
2810
2901
2349
5265
2232
3592
103372
49649
61073
109596
837
338
2357
2846
39381
3861
7121
6750
49524
87197
99117
117545
63515
45
58025
3964
130087
38886
100611
74727
1232
26680
7107
142422
2363
3483
92535
6370
2016
5876
142448
791
6636
115569
6666
65133
2943
105325
5225
2465
4487
62956
4700
4396
4005
55253
55946
34319
109673
65037
7980
90719
140289
1131
3364
5422
1599
764
7076
5792
1445
47629
32017
68650
1977
5828
7176
27821
6979
4697
48304
639
5812
6820
67267
169
129397
1678
82041
112512
3673
6939
133798
3577
90522
80906
7986
3808
169904
47491
3406
1752
33499
7620
501
90439
147376
32291
3400
193
26630
735
3505
4068
101283
4873
101076
8158
5515
34330
140852
183301
199
2240
33145
505
3330
2136
2280
26159
86377
6773
45726
1686
139747
146684
128542
5379
4719
92420
1646
618
113532
2143
119141
65130
3557
118896
120625
2043
4066
116419
163645
6987
2004
25946
92507
3764
31000
26
50601
6609
65882
71205
5256
3120
118572
490
2186
105540
91690
5625
152077
63062
5523
4273
6879
46347
73881
3551
2687
39444
4090
32019
5304
45666
170697
61465
167854
1300
1279
2022
1245
2931
74668
7212
6336
2506
1934
162478
184721
6721
76175
27912
5780
4433
2613
848
6339
71745
122924
8591
7063
88235
7375
44777
599
80126
64497
95182
2036
96975
2827
126142
42
8254
90647
932
2259
1550
7175
116897
135567
2789
3646
117511
4291
120637
110541
81018
2286
99574
7132
140711
90717
5093
6039
27837
5841
31437
1834
1322
33646
62081
2125
56949
7450
5054
8
128968
62662
680
1799
159755
7367
96616
93980
7727
26422
162
2201
45501
4043
5562
123947
609
60766
91978
66198
3368
391
2069
42718
4644
2497
93270
536
2859
182793
135861
26375
33564
3286
132618
4880
4728
67197
3129
3005
4061
8580
87234
98799
2342
162606
5177
74342
2889
175397
5120
41
8531
5785
157865
87785
3249
49735
1936
7027
131013
32620
6898
165549
3433
26849
3521
5588
4741
4636
110501
8827
82499
33681
121469
3556
6111
1810
4234
50445
103253
3554
4506
2597
4951
56801
4380
96728
8253
8600
167706
97860
7702
8964
182749
173941
1332
63393
3926
3774
27801
2318
172577
2950
2967
136666
156553
26366
4403
172233
3135
2185
2472
33896
7319
761
27478
4526
26865
44840
3031
66665
3825
1694
4708
4158
3788
93805
4046
6484
1012
1537
26606
2514
70990
47640
71520
103075
5428
79139
5688
49347
93766
2741
98361
188751
6062
103624
4224
906
4445
27373
423
43921
48001
4920
42004
5602
120466
74532
4971
77421
44022
89804
113345
1993
168612
85788
107630
103596
69746
1184
91325
4454
1863
26150
120799
1503
59501
2835
55555
4936
103137
4003
1902
3955
154
142222
121231
4954
100487
3057
1150
26359
6141
481
95858
4987
26453
30822
26524
3790
131714
78703
4077
111362
1323
5633
6970
74530
5414
2418
8921
27772
106491
61026
4989
4300
3387
1596
32392
4219
67997
26048
51412
3298
4217
5596
139385
5591
37853
1236
921
95761
70521
6789
715
4350
2801
27721
60516
2979
8117
74089
102852
79590
2551
3587
5489
68597
6315
3190
69134
372
4229
158398
7054
155168
4285
27692
4313
151315
101362
115210
103
6294
3553
5476
32596
115667
1812
4117
1187
159717
2702
7061
5963
5540
8275
7285
117590
7078
8743
50851
65588
7991
134393
4850
6954
99437
5064
7030
1794
8581
8502
119155
69953
6051
1431
48744
74851
27255
8914
94478
4442
87660
32213
1855
182293
5644
6453
50912
176751
3434
3091
30820
79224
60397
104913
4888
2708
4203
5843
3724
2313
94810
112370
3787
94953
4535
8966
78039
33903
92665
143355
4603
30894
161024
44204
5147
130083
47725
7650
4064
8796
2077
60937
101962
49132
102378
49314
97923
6631
6671
7440
31545
7206
2560
76173
6983
44613
6918
84187
2565
81784
3404
106873
2147
6643
8405
6042
57532
73323
94735
7745
91890
180045
32554
211
4511
140715
8008
72591
117895
4855
2520
122906
67295
2921
131104
7013
106540
2459
1591
426
74868
4812
115819
5026
80166
46974
3425
180231
84942
26791
4340
704
64032
65225
3125
82852
998
6334
48416
79185
2500
1009
1942
2266
122627
4577
103602
165639
165139
96
53883
61729
4998
78467
4782
6433
938
94015
173291
83349
4748
3836
4357
132084
90524
886
53460
170401
8866
2205
2212
127116
140247
73929
156783
33085
8596
6603
43908
4787
151455
62644
1727
8911
96114
59126
5434
124853
79677
146656
5264
4171
96084
8506
3852
3539
1286
133419
3029
6452
8835
4081
251
3248
332
95499
7048
107408
4909
82093
60291
89582
488
2024
1132
3743
175303
109853
37736
6769
5074
34332
6692
3669
2579
1483
8753
4573
2888
1078
8045
99106
1769
55687
7055
147326
896
179135
73569
242
6116
3500
91128
8302
25834
1919
4602
152083
9
122932
6909
102749
4462
3727
27644
77709
3194
1490
3051
1703
5375
111913
3392
935
100390
113849
102819
3157
5113
55814
99917
126430
2743
30803
5527
2399
6777
46
6195
89759
50064
114847
3741
2112
1840
26928
4125
173963
75813
9010
4210
88932
25788
182297
68848
1003
1399
37240
6203
556
55444
60979
6303
78088
38388
179709
26694
130518
118894
130452
26003
27850
89945
7344
68194
55269
3414
55207
157432
7647
5009
311
203
934
8605
126548
3141
6804
33826
147282
633
104069
6242
33834
31420
180095
8016
95873
1293
47382
85881
78034
7748
86298
6197
4645
5309
168632
69529
3658
42632
108190
943
8463
2952
3963
3430
168608
55036
5468
8720
1970
747
122902
55294
51575
89
97328
3326
3432
6547
6708
88699
1454
6395
158874
3394
131920
7340
2295
50068
73268
122
3130
167790
58309
8969
2252
7158
71304
56715
88356
114818
4754
46965
79006
3971
2287
2356
172585
122912
44020
5337
990
3735
43869
3206
32442
993
52668
458
2476
27592
87444
7124
3765
73822
109633
3972
7167
3625
26554
148888
6341
160565
5836
2244
144714
85401
710
78772
49957
3223
2066
1762
6201
4047
2836
87867
4881
2568
140162
2932
2848
626
5888
8121
7056
1949
5312
7781
142550
4529
31422
5880
27003
176413
4121
73319
7842
4393
40614
33672
6899
114678
27839
3439
34811
7228
109187
109416
1667
95939
91622
1629
96283
2511
4919
97742
26082
152105
56251
7131
95780
6604
7380
7026
1875
26510
83827
98279
73015
3075
1785
7000
6887
56607
25865
127319
122890
7888
90809
48326
218
139130
163386
139994
3526
2348
65982
4814
2040
59295
57772
33683
3276
46574
7560
122092
71732
2525
3415
5863
59727
38095
2483
80860
7820
6663
3993
4020
128488
6827
81786
8610
2445
2557
158238
106330
7041
168266
3327
136598
3469
48161
97470
89090
5329
72921
106062
100044
1767
158956
2179
5081
6425
111113
7016
5068
91485
4745
31427
65642
731
2074
5442
4427
168144
5838
6946
3661
78893
55872
4867
6214
8337
88672
40826
82854
50802
38
8094
5096
1913
2503
35015
4305
8126
5752
3010
7044
2172
7756
4849
62437
1655
41863
95508
5788
127198
408
1066
8025
448
134881
139915
2984
182731
6288
8860
8424
1941
4500
5508
7369
49793
1173
26258
3581
40148
2103
8985
3003
103819
48414
4063
190
5069
8814
4978
158842
2320
4419
7716
87522
65682
161582
8387
6731
99130
53956
95207
72
165645
27790
1355
55768
92938
49
5334
61289
1647
176051
7171
1963
132153
137857
5224
3566
56333
941
2398
2532
147372
137517
129937
2334
5680
82202
73808
4424
94122
149144
2806
3694
725
6786
3169
2042
3090
4649
136840
3350
7092
109241
53024
2607
72720
83374
3167
4189
6380
180497
7708
4523
143001
5909
1046
89118
2886
3832
127136
51088
2315
2879
26059
30846
7071
2906
144716
27664
32657
452
6001
2517
674
8916
2439
7766
5108
49130
4862
176601
31903
6748
60803
5638
6407
4355
80969
55280
1887
7297
4181
72356
842
4585
30898
103027
173925
144734
48560
50740
95633
1844
174815
3086
27784
437
4857
2184
140541
84523
1296
7988
229
92509
26122
57536
54736
42946
26631
3402
103502
7311
125221
128832
7669
4017
1791
58299
33836
3797
3565
4294
1439
2135
47261
47122
8906
1859
2071
81158
50792
4304
7181
1731
1677
7479
160684
8481
26629
85780
425
2935
71899
68932
4372
47978
3203
512
6812
5170
3563
135198
5668
129514
3918
4727
2897
61160
7087
93008
2733
1662
3038
26542
45730
26729
4280
149406
106542
6616
6217
2260
4957
138966
55278
69495
183
80083
139157
69524
3240
3653
31694
8501
161830
8195
3831
4368
32060
4663
3041
6654
7088
5410
26875
6724
111146
180265
1352
6597
128902
130450
110773
109864
92008
6424
4608
43460
6349
2674
4509
5521
5451
188833
8153
518
3358
1684
3824
50798
103755
2860
7137
142020
3470
177615
870
89305
84637
83132
172637
144620
93502
2549
90738
101973
8989
7243
46850
7584
31038
86237
5214
1167
58315
6241
289
89898
27741
4552
31424
4661
175197
1554
2582
4190
64231
141816
116738
5809
187
26172
4795
6482
128914
7840
7354
90890
3933
25963
26947
135137
4155
108192
4149
77795
96655
2177
88812
8939
183011
6342
44849
2351
2089
91873
5278
7208
109846
212
504
6215
82667
7259
95088
31184
4605
1937
1024
79134
4432
50999
4672
144976
937
8593
6506
116941
3056
159093
3299
5404
26133
381
63479
90403
105468
175577
91976
6664
6996
70703
6385
74154
85020
136024
43912
80727
8042
4541
4147
2495
106438
138210
97230
74226
104303
34530
6732
58839
43376
7150
151769
165843
2559
52283
147378
89047
3715
1581
86487
5339
6699
7251
3756
1105
71
7482
3571
84156
6619
3142
59014
117646
3598
161918
86355
152270
26782
108949
5628
4600
67618
3390
71484
6035
40955
5483
86295
5942
26614
3801
45208
5415
36525
26819
71379
70728
98623
1927
2425
61255
174053
4574
4941
6252
1687
91470
181139
1493
8968
6219
55250
8919
8571
80862
143257
6981
4594
2583
86059
6324
136359
148956
79357
118985
132362
6335
132157
7308
6528
135885
6744
170399
3078
7072
6269
7257
86345
54276
25753
8363
58351
100383
138546
6617
131237
27822
162082
50806
1126
5062
74545
144262
47999
6880
2771
131739
4626
550
7333
79895
5685
3928
390
3296
58876
6889
3127
133377
4437
58332
8542
2203
72395
27829
147286
3426
45382
6949
52694
48638
33880
32300
43
26562
93320
149354
4259
184349
7301
6124
7925
132888
56563
5541
5356
2256
128097
6722
26231
143859
82088
5696
114060
6638
136341
85796
3983
3145
4565
2516
116413
34271
56921
4012
112334
85213
170827
5077
60030
4519
7951
56169
26002
143410
3812
49824
55272
436
1255
4450
66798
55052
5951
136443
103539
55274
151557
4296
92637
69394
7261
7258
5047
2965
3315
3449
3576
6036
8373
140133
172909
95839
6832
6695
4818
1395
101765
8035
6322
118530
49910
183897
1008
2263
469
34312
6178
4079
8998
7307
172587
31049
3134
7010
142424
26158
27156
6299
132660
3712
47810
90603
4710
59429
4544
2171
102993
31617
66544
52784
4847
43560
8456
26750
5635
2025
795
4138
58303
7062
5111
140038
766
840
26038
141513
42734
112303
1837
8369
8190
3378
95654
6549
4877
32289
6783
42191
2098
6629
3281
49389
4290
96563
53127
6966
3810
32515
136834
6811
55292
7706
110730
6313
5773
27176
143245
2782
63540
6480
109895
81132
165959
139855
1401
170817
147374
3728
2513
26985
711
155659
7074
165969
2818
8382
3998
84799
4765
95449
3385
945
6763
177
46337
6090
3454
4178
4115
3537
45062
99813
6064
54274
6552
7294
46967
54116
42730
106441
6078
110771
5563
1845
6461
105720
2750
6143
72692
39715
1671
121169
183635
3991
3662
7884
668
44709
7209
27619
44731
69849
27320
2330
3054
8626
32862
52730
70545
32898
3246
103107
4236
31702
42740
100226
7581
64167
45210
167018
32387
37545
105211
6639
3096
154065
1111
75395
136859
51024
26131
5212
42418
3932
110718
3838
136471
158402
43677
100304
63433
8952
179953
8813
4406
3074
5258
6959
96811
5102
5503
98160
8119
2630
169180
169992
8714
163072
102602
1085
33801
4597
70361
8446
7025
151479
25827
156781
27768
135436
80139
3217
3989
159403
8014
86593
136503
5282
3436
107565
6302
130976
71518
6775
3754
134214
7223
936
36535
161290
250
3708
60363
479
6002
56336
8380
79798
26741
4347
150604
6263
4714
144210
1594
4835
134021
148172
102
143031
133782
52462
167772
127152
109576
8183
2316
7895
358
7177
78836
74282
142509
6994
2368
176621
26745
46772
5004
26555
7616
161044
5986
33126
82534
62113
96281
3619
61350
84716
6170
228
69904
4342
26796
4537
131749
3055
6760
4191
1325
3511
5856
6869
238
4212
1755
2594
31297
4207
118
5672
4723
1458
6718
1976
78160
149508
5121
2546
511
4808
3201
60514
143511
2729
4599
107846
7979
122433
3604
7705
4756
95843
5380
4522
4926
7327
151781
142420
4438
100882
53280
114184
7073
79057
5384
7894
54121
2660
165483
5994
2587
5550
7743
109968
54190
5512
139642
93208
81156
81819
72694
92674
973
299
103655
153408
58972
117630
2661
31445
82053
931
1289
4334
2696
7086
2799
49961
194
112326
5401
8402
59814
4929
145150
62834
137345
1547
136297
2347
3497
26828
7304
3943
69516
7123
7017
47404
2350
48262
147410
885
1447
47516
4317
8974
74553
3643
3723
168026
74916
7920
36509
1771
3365
103366
133645
6557
44241
5786
1473
172589
5321
71462
71211
94018
104243
1365
1382
3594
4683
40697
1068
4630
56788
183227
8633
95377
8459
1398
3900
6975
5475
8136
160730
3403
685
145935
80
947
5538
119
140928
2625
89028
3641
134184
156387
4962
34153
46105
8712
7944
4198
7943
3546
4231
89190
140561
7053
2095
6022
1975
4464
111817
6390
65585
89427
129737
4988
6169
3211
111375
1427
171631
180985
71302
4662
5663
80586
42556
114074
78316
8092
5649
3230
32116
38294
4000
76738
3004
102217
1484
7282
4480
3700
2107
160567
984
2946
4252
8492
888
92494
7305
32440
157110
387
33158
113252
131796
60941
7109
3840
48518
143525
84512
5364
46367
3725
959
56869
172825
2306
6644
109850
135777
105197
6185
155064
3093
4961
127132
4809
4152
2996
3795
129779
1592
4622
37382
667
27074
68522
116977
2093
94833
7266
132488
461
159779
133716
6265
6780
6382
3569
3676
143472
58806
7572
47202
100194
8138
77866
60487
112006
3015
1034
27155
140850
69654
3007
174551
48741
8197
168254
26183
4204
71248
2310
388
26701
742
7707
99853
170357
137859
2017
103543
2073
1593
105213
99415
85399
1056
26225
7211
25795
164753
136786
118814
94799
177185
172547
5666
76743
103221
1900
71810
135937
99910
6837
1083
121097
6237
26838
52579
129659
134170
134861
5925
3079
4833
31309
116668
6327
2883
97168
126420
160980
68159
110611
583
1860
60161
3117
6058
7217
1112
1392
71106
7937
801
73344
86504
3830
806
5456
6270
2927
2385
6517
58103
126090
69685
109569
55112
52952
3672
5034
147330
6402
8670
106144
2790
6856
2852
5922
48649
3379
8425
1600
7826
4953
27604
2807
8748
48342
79946
4871
7036
75816
1551
27705
32298
5465
72554
30890
3987
2451
90943
27695
6181
35957
1841
563
173253
155812
4612
5927
27124
118166
2847
71550
26472
133879
82527
8836
2178
1414
6851
2652
99750
5268
8293
2070
110350
27441
8426
7065
180777
31590
1156
75947
4628
160289
2523
7767
65596
6005
180031
58105
69712
114126
6572
5820
110655
185031
27022
521
2453
82152
31737
1583
4916
6153
4826
3680
128736
7936
127194
33164
131130
6803
3391
6244
1018
7134
631
58879
6935
179
187717
58842
70533
44773
65685
68480
47894
27311
89208
26340
104245
5706
6689
5799
171495
129250
3384
6238
2615
5875
111785
2978
2884
78041
6434
5767
156675
59440
7835
51357
112749
117444
85438
26198
121338
105351
4443
3331
144522
1929
2553
94494
5328
1992
893
72308
118248
103245
3649
4985
89840
164200
4166
32296
67888
57499
99
4581
5968
113350
4912
83480
117107
8043
1440
5532
59118
8838
115877
7142
117851
95497
4615
80831
31101
113604
2772
7089
96691
140737
80551
33649
3423
7057
150696
148
790
51167
170411
127134
6070
59549
4263
25773
26599
106839
77688
165347
6449
4788
104129
5116
6400
5311
4553
130073
8465
114925
117133
4640
3919
3048
4156
2084
128089
4610
83177
171695
136012
6862
32460
115216
127204
88179
7248
5202
40581
1972
5643
98836
119167
140816
6477
91842
6465
110669
30850
40851
3446
42015
86817
3655
1626
26696
138396
3674
47721
59725
55190
31030
26394
8795
133780
148632
7047
93982
62376
96488
7486
87834
34532
141928
90428
66943
85885
45175
2784
2131
3241
91483
161634
55110
86781
179211
26317
4699
7335
105585
183611
6611
7386
5137
71254
7012
5980
27317
27369
104419
161966
6509
166203
7127
7235
365
68959
3689
26940
77191
97024
26528
6163
2691
27788
4080
8948
3544
499
92198
136355
5165
484
4055
43419
136556
63808
172321
7762
172215
134095
25887
26612
101895
8815
6493
114265
108689
67534
4749
78266
184791
141820
75416
85
4520
9005
80478
146210
5083
157340
773
3884
116887
84189
182299
115664
7938
184053
5597
27482
49110
100810
4240
56022
4451
77266
4690
7069
110127
109971
33124
5452
62008
5237
8331
136511
8978
213
1428
27306
7083
127114
3389
52644
57183
193609
3760
168248
2698
39234
8987
3106
970
157407
144478
172583
3899
140725
37380
5938
1807
6962
76143
2919
79897
274
94405
6614
8667
5988
88448
183197
95313
133217
170551
33310
8207
6808
6798
4836
1966
173619
8518
91386
6239
48214
101884
102684
6387
164647
97936
1601
4434
2415
125914
240
1082
67508
159061
6814
5768
44238
1829
129333
50658
3947
6911
27826
53355
43919
2548
159193
6852
2928
136445
104875
4508
168492
89030
32139
170837
166492
7657
3640
6558
6579
3922
6193
6093
165075
170897
2180
86279
127184
132046
7379
71429
867
69211
7024
70697
155589
171917
2498
86922
2839
4562
101741
160644
106785
100277
7155
26585
4773
5156
8157
150554
59220
5114
2204
98175
6686
6912
6973
3786
152711
27873
80553
5779
26236
695
45668
170355
2494
4483
3132
95199
2267
5707
83086
25826
2742
50356
5912
4977
26913
6006
36397
7728
6794
38304
6027
104283
4578
8196
101525
2976
1502
6566
53974
141866
963
2149
94985
104017
30994
1971
101423
3870
61401
100068
946
4256
4471
26958
2119
523
2757
4504
1932
4947
162414
130978
92192
93040
4619
36850
6234
46062
102666
27134
487
107069
1621
80124
50160
32666
270
1734
44759
8341
8461
95690
143458
6997
4371
2575
2477
130482
5949
82242
4440
6235
6582
104925
2007
6782
917
44931
98604
94323
82767
74948
103688
159858
167064
50842
3492
43744
50158
4521
6545
6797
102742
66171
6948
109191
3280
135787
115828
8973
25870
45662
6559
75803
80834
6684
110826
6691
5694
165551
5984
26142
450
5007
3714
90630
1957
53
27178
146244
103801
2624
4284
111921
151653
5461
68872
175661
70599
3845
51834
7889
99638
2898
4860
5423
1519
5543
2481
7037
2555
3161
4831
5961
1128
103606
87287
127108
4822
173535
74791
7085
7084
5720
665
33629
26285
1685
841
6713
125916
68536
6702
60894
4184
189381
70862
8532
8450
4956
4653
8938
32649
96726
86028
5919
6220
3405
133281
55205
6204
141830
573
8375
160440
3974
7219
136654
2075
70687
26622
94896
71468
6667
8137
26283
103980
1611
151311
1397
3179
6273
5479
95067
1051
140359
131023
160718
5889
134775
5993
36363
7900
62718
476
2844
79073
163527
40414
49917
7448
105355
3596
77177
50514
184257
26797
4794
156706
2035
4187
61348
4337
57843
5896
8754
51903
50354
56156
4476
7326
5682
116985
53574
4316
33188
496
171251
53466
168846
53450
8650
59810
77233
5874
174727
158882
4611
48319
7125
8685
515
98908
90469
59738
71640
7646
3221
103984
25937
87876
6615
151763
7018
112450
94503
5900
2874
171891
109372
5826
141818
139857
2766
189333
3675
44243
62836
1984
1328
173317
4757
93610
37444
131098
146688
56003
173205
88345
66915
7310
4821
4146
113348
49647
72224
634
25906
32302
6345
121372
50189
632
27537
2166
4717
66509
45183
167634
98499
101415
60522
26732
5601
2041
65738
134158
105020
2120
3395
4589
53578
4502
178129
4965
83796
3925
2488
32314
7749
136540
4789
5012
8844
8943
5076
132424
3731
6950
173355
51925
3965
1985
69118
136469
2566
6033
141846
6338
116207
70641
3077
2390
3042
302
5046
823
1423
75341
3865
26840
92760
54372
137337
4800
636
2521
64993
110330
41014
8774
6553
81087
5560
56837
77364
48879
8188
4531
26249
151777
4580
2210
71494
85179
168350
3574
6222
5736
4990
71823
76054
81910
5198
5883
102735
128099
170777
1114
3017
7019
2902
188301
141408
1679
7050
8905
352
8575
160848
61123
3678
3284
95949
44511
26792
62970
143255
152284
5226
3834
26700
69224
134326
3008
6678
85025
506
42013
5033
2362
95145
3064
2526
7566
4614
7541
80880
137
26413
6816
168174
7382
2211
93563
27523
147002
27246
112868
120813
6320
80615
178615
5131
72178
107953
2563
918
78264
108715
32906
67665
96608
175435
4675
73386
36289
7372
102984
96411
111622
49263
4197
188189
152091
116169
5288
108601
8577
3061
8601
99532
77841
4736
31700
77414
6592
49280
103609
96121
6998
6583
6772
7987
33312
138208
169034
26467
55241
112460
1981
2190
7924
32058
5664
1305
148424
422
4164
3628
7896
1419
4399
145283
8864
2812
119068
105254
65193
147936
58297
6476
8239
68552
3580
35807
54780
118706
6516
26176
7116
71327
5197
91860
4917
133771
6086
5244
5802
74685
178
112497
27002
27105
27473
72104
2751
1940
4666
97665
114601
100326
26124
109687
58078
81949
130634
34359
151317
4392
8024
109383
1329
72171
54768
100106
32892
889
4395
42559
26116
8718
33893
2261
51694
155892
105954
81791
6624
46855
5346
2462
175401
6752
130576
8147
103883
3324
116817
6836
52767
68486
2323
2573
42638
51705
97866
7883
72714
3112
8588
110781
1340
123
44657
139717
61406
4966
4852
4104
3709
907
34334
42732
1986
2929
139415
8484
6720
3453
86628
91666
155358
95147
89862
6986
42728
78544
409
146730
2187
107412
4775
142372
93242
6992
8875
95717
3014
145491
109042
172229
7009
6902
60737
142997
2170
150401
7005
6660
4383
105746
6938
5433
3872
4009
5387
451
26649
33838
153386
92048
69227
102278
7822
89678
44397
96606
98083
5486
56060
60141
176329
55069
27416
170813
55061
133802
40
3908
117466
1650
145080
5088
7103
1659
82095
3150
1922
91571
79251
52724
95475
27420
163112
157200
72731
2754
6982
34326
65651
26171
94661
88094
98296
341
6533
56915
2769
134004
3165
81831
6990
6122
6295
3822
2585
5522
173351
91337
6527
7045
166
8427
115065
169670
102747
72330
134041
8920
5347
8954
3260
340
136664
1572
164367
98239
5564
145745
4557
8232
33294
151695
185585
6809
107945
7459
84844
185435
4617
43871
7411
138702
47446
90243
126577
6254
1798
113207
164655
48593
2032
1465
119828
5134
8462
8951
77667
53318
2868
107999
1839
125970
65740
76060
80917
95163
101529
163925
5817
27769
3862
156607
7082
176805
124859
26764
159976
55116
172793
961
52299
3626
5975
3447
2992
4840
95519
6628
5529
141004
92954
7302
84414
698
6670
48678
50613
121715
6706
3739
117531
7390
4635
3325
1926
5240
52867
4139
59016
34018
26567
148671
27716
116718
8482
165103
104837
1545
321
6020
118930
101074
91355
155288
158972
157130
162828
90357
31925
55156
94325
31083
112911
181065
81417
8977
115111
7218
94262
166183
50005
31664
113275
6319
172253
70708
85295
7192
112897
72624
5525
109848
100302
27882
5847
152591
7075
2612
33435
37211
6448
94011
90528
27879
3225
27689
134019
91974
152658
74688
5733
92309
58191
3807
136353
113280
98607
57951
