3164
5939
2745
6768
2088
1931
1157
5174
951
5419
4747
814
327
5963
6735
6501
620
4692
2032
1974
719
3777
2342
1238
1857
6209
5656
5975
6522
3452
5644
3419
3510
93
4994
3609
4062
4864
248
3881
2656
3884
5977
4488
4854
5573
4853
3221
4120
2000
6358
2976
319
3282
6214
2438
5166
780
626
729
6192
3274
1010
5922
3758
4133
5246
2589
1846
906
727
2091
6229
5311
3576
2673
5581
504
5240
5042
2762
3625
2175
5683
4130
3478
5661
2192
6703
3334
1107
6025
5534
4098
203
3165
3097
151
5818
2149
3632
3681
1774
6422
3481
2683
341
4218
4309
2935
3818
1729
267
2760
2768
1877
2183
674
6714
2505
3369
2979
3831
5811
1896
1126
6368
669
5254
4158
2519
561
1842
1297
3919
2861
2458
4032
828
6131
1063
1395
5831
5492
468
4729
4723
4508
1690
4639
1290
3876
40
1476
4135
3662
3418
638
3047
2532
3411
3669
121
4506
3760
486
3561
5128
333
2378
1189
6300
2564
3958
6482
4778
6513
1579
6045
3370
5008
5412
1670
3838
4694
588
1611
1000
1814
5905
4494
6037
2585
2516
4146
1016
2196
4172
2511
6771
3773
405
2887
4468
1178
6216
4050
4145
1025
6504
5506
1947
2322
2916
2538
6013
2297
1423
3608
1769
3024
312
2379
3396
376
726
2110
3242
6296
5313
6531
2610
4434
120
6476
5269
2198
1778
3179
735
1145
364
5154
4284
5086
2366
2749
2018
2442
1855
6625
4534
392
2136
2448
4363
1419
1070
2231
6119
1727
3347
3716
2320
6040
3209
3692
6065
6640
5714
4803
5925
6700
939
2580
6115
5474
733
5781
6278
1309
1551
761
1003
4068
5848
3054
2189
3982
4719
692
5828
4517
3687
888
6456
3762
5268
2824
3409
3385
3057
6038
3110
2647
3623
391
4224
308
456
5893
511
3398
4009
6429
5431
711
1020
2525
5198
178
4709
1424
3488
2514
6097
2420
5557
883
3908
5740
3963
2686
2176
4153
2274
1258
6751
2803
420
546
1810
2036
6548
4706
2497
5807
566
3961
4922
5406
836
2839
5658
5143
5374
986
1828
2244
2702
4314
6018
3276
2970
465
1492
5613
580
762
3902
4035
1859
4977
1182
268
2657
2533
2650
4712
6021
3815
1037
5178
600
4607
1064
3310
3246
5936
1337
578
5092
5502
1746
1632
3314
5270
6450
5600
3261
5140
4942
4844
5470
2246
6323
1864
6132
5531
3399
4684
4456
5141
3039
4358
971
913
1248
4208
6011
5151
3302
3335
2895
5904
2487
4466
4006
13
3929
2158
314
3111
6613
5159
6270
5618
5260
658
4166
399
2642
3163
5070
1835
3361
2997
3089
67
3551
1222
4059
395
3540
4923
86
5901
3715
3731
4157
779
3588
768
2220
2815
11
4524
5368
5469
3318
5056
3446
1956
49
5908
2081
6253
5454
5120
925
1905
4810
1283
1582
6767
5890
1357
483
4
2665
5512
4144
6307
4972
2485
4414
4530
4222
4655
419
5603
143
3295
4574
787
1505
4476
1701
3942
6643
1519
1617
641
5535
2967
165
2554
213
5407
2113
487
5464
1169
4585
2750
6248
2080
1529
3845
4875
360
2512
1585
385
2808
6208
3539
2257
5315
3666
6072
4005
4260
5068
2777
5749
2127
1730
6073
2671
3874
1625
386
1460
4167
185
1921
5278
3581
5281
1546
2380
4374
2545
3382
4808
4790
1313
3492
2608
1448
1607
1898
2308
1606
3120
5191
4850
2566
60
5884
6341
1435
4427
551
491
668
2590
6631
3135
981
2718
6503
5010
4621
5258
1901
3134
489
4857
5127
1162
5417
5671
5011
5123
5632
6697
4682
1212
2106
2210
2835
2045
5814
5291
3286
4171
3042
2130
3491
2983
4999
2693
3280
709
1558
2365
128
804
5919
4983
3626
3313
3811
1301
338
5145
4973
771
3343
5810
2537
3322
3509
4545
2982
5820
2713
6684
6616
4928
3058
368
6279
463
3649
160
4099
4367
6041
6200
305
1986
5550
6051
1627
4108
2137
1009
2517
2452
4649
6672
4871
6263
4017
918
6534
2636
2245
4038
139
2001
1762
4265
1971
866
2736
4264
4677
4030
5223
3348
1714
6710
2957
1304
2165
2218
6491
2224
4243
4160
5956
6549
5736
969
5675
587
4231
6543
5094
557
470
1904
4097
6154
6150
1166
4889
6152
3938
4070
3143
1444
6239
133
4634
2163
3584
4234
2853
2988
1328
1286
5299
5808
745
6291
3002
3855
4565
759
4752
5866
4236
2174
3372
5044
113
1669
2450
6487
5273
2092
3537
5968
3055
1991
5942
73
4242
6601
3768
5709
2558
919
2369
207
2523
6325
1836
5075
5900
2235
3496
2639
1783
1207
4870
5906
2072
6245
4722
6344
3867
4034
1663
4036
3734
818
6094
3501
728
1225
2583
1036
4657
2879
3520
3255
2200
1946
3381
1739
6276
71
2727
4830
2037
317
4696
3675
3005
4141
209
6521
688
6269
432
1446
2154
1274
3765
2740
615
4148
3966
1329
1442
152
4195
2831
1708
101
4648
4911
5479
5317
4348
4447
980
6677
2667
4255
458
4935
3364
6747
6730
6578
5219
6086
150
6628
5635
508
3094
3476
4299
2765
3390
6687
927
5041
1257
4641
4965
1256
181
5435
5799
4376
6584
649
3486
2556
5970
5319
6246
772
5892
5991
2280
5713
5467
5078
1096
5465
3388
6275
4561
5767
5261
1245
987
4100
3600
1179
965
2615
4956
2851
639
4507
6337
972
6755
6090
5333
797
2063
2054
1471
4341
3499
5034
654
5841
3964
5634
2212
500
645
6273
5039
2601
697
1223
2402
5950
4606
1504
3776
984
5347
5957
2422
2432
5210
6417
4283
4720
2869
1998
5027
6003
1433
5323
2960
4938
6402
5911
1181
793
3010
1596
377
879
6297
650
3702
22
3345
4993
2464
5244
596
6319
5139
4487
5507
5782
2440
6179
1536
2928
4001
1695
3842
2562
6054
258
1887
4828
2279
6525
2616
3567
1231
3294
190
4221
683
5200
95
5918
4053
2776
5292
6597
3798
3096
1945
5898
3789
5563
3930
4833
3238
829
1131
672
3427
5399
1867
4805
2977
6464
4023
1143
4700
4801
4191
1706
6333
3761
313
6235
3356
85
2447
5006
1458
3127
6002
3152
6696
1750
6371
4969
4788
1590
2660
5129
6106
5212
3320
61
5549
1866
2991
2503
2388
155
310
1542
3130
6081
184
1058
6105
401
2634
3860
5300
6425
3311
2500
1547
1276
198
576
230
4979
6671
4609
5973
6438
2041
3871
5941
5176
6111
5204
5652
3062
599
659
3950
784
1039
5059
1660
5071
6481
6434
4457
6010
2324
5216
6182
2350
5003
5979
6557
5413
619
3132
2293
1365
5434
4905
6496
4262
1982
4370
5296
4453
1802
2666
5112
4782
1738
1742
4012
6251
5318
5147
1759
1577
2443
2981
841
2733
5282
2606
2282
4381
3960
2160
3465
2056
1545
4566
2375
3269
6060
2798
6186
2275
2810
6569
4400
426
977
4767
5452
5645
3724
1495
6488
241
5817
2641
5880
3380
3177
1400
4004
3420
6123
4065
1041
1985
3722
2771
6454
27
6184
1734
3064
2963
573
3892
1343
4101
976
58
5588
4730
5948
3377
1153
5501
413
6392
5673
1686
225
269
495
6455
4926
1830
3835
5768
1213
1649
5883
3754
4084
356
210
2129
514
1696
5357
5869
882
2195
3394
3233
6725
4627
6622
6460
5135
4617
842
6750
3194
1648
571
4168
3149
1861
5490
3069
3169
1664
5175
696
968
5343
2529
4569
4538
671
2483
6078
277
2649
6377
3814
477
2059
4843
963
3607
1913
4642
2804
107
4063
177
509
2780
6127
4955
3193
2911
1875
6197
218
2406
5773
5757
125
6289
2225
29
4742
1732
2488
5401
4984
6364
5346
5625
5436
347
5253
6362
2829
5364
2298
4881
6107
2133
5451
2327
3744
146
5638
5029
1699
3850
2502
648
582
6716
4300
3228
2475
6408
3060
2772
2572
5388
3750
5653
1023
1455
2095
424
746
1115
266
2917
2637
4643
5081
5072
4273
5788
5297
1813
102
215
5662
482
497
250
4206
3573
2492
3053
2213
5445
163
5592
2999
940
2930
2479
6401
1311
5923
384
3550
3788
2539
2893
1111
4988
6497
2527
6171
2896
1092
953
3548
3739
5958
6340
3997
2822
2938
1597
1347
3477
676
2797
1850
4483
2383
6509
3279
742
5921
324
1555
3033
6577
3804
4608
1124
3241
227
6077
1645
4315
4822
1602
1108
2805
6166
5245
5637
2670
214
821
3803
4662
2943
2753
3239
898
2899
2263
4357
1270
2712
3653
5667
6084
1995
3113
6346
3698
4861
679
4019
5952
1845
5274
4943
343
3552
4330
3415
6316
228
3444
3863
5663
6056
3975
942
708
437
253
3368
6712
5865
4413
5119
42
908
5404
447
1822
3021
2141
3612
4811
3598
5250
2937
4531
1657
6435
3013
153
1218
33
4721
992
5285
4269
3080
3192
2085
6205
6249
2786
226
5421
2625
367
452
3745
4411
2493
5971
6624
6057
4823
6303
4689
4377
990
4039
3945
517
4537
4333
3932
2073
710
543
1320
6120
5516
2586
2549
3927
1531
5493
2782
724
4346
2205
6409
2632
1142
2429
6615
1305
897
485
5133
1031
279
2499
2299
5668
389
5457
3330
246
2201
4244
6590
5283
3738
82
499
2714
6752
4838
4426
2017
3259
2332
6174
6067
3158
802
5607
1018
4078
3341
4155
2708
2927
6664
3217
5471
1408
3909
6688
421
6431
3805
3224
2074
1569
3889
5703
404
6009
4802
4776
1772
4699
251
1234
4106
2536
5935
5117
5934
457
2747
767
3162
138
6705
5769
1172
5571
6667
2521
3018
3358
731
1216
4618
6470
443
1574
5062
3243
4324
272
5048
3374
6076
5759
2934
6193
3893
6462
5875
2633
167
4225
5020
1631
1174
4124
2007
2019
1959
982
2645
1719
4421
1973
2108
532
144
116
507
5499
5286
2674
1874
1243
3474
6092
4612
3869
5580
2742
3935
2759
2915
6458
2570
5249
920
547
6500
2954
1572
315
6646
6737
2826
1655
4555
2318
4445
835
5248
4495
6039
777
4403
1925
5994
1977
1559
2852
6188
4088
5267
6329
4907
1340
2435
1563
3700
2870
1666
2003
805
2838
1307
6075
2490
299
5077
3747
1331
3234
3450
1623
6194
5280
3622
5074
2472
135
2207
4552
4842
5332
3549
4297
2685
3487
3237
1868
5710
6498
1514
4739
1673
5
3645
2872
342
3570
873
2335
77
2864
6449
5551
2609
5405
2661
1436
2459
1879
4614
2062
6629
2498
4289
0
1981
3732
3203
5523
564
6659
5228
1163
5053
4557
6478
5138
309
945
3240
354
6027
2994
823
3035
935
6614
2648
1652
4740
2258
798
4428
5290
3186
2454
4546
5031
4060
3939
374
6576
4066
6665
3196
5861
4071
2618
1856
6413
2504
2199
4266
2352
598
2221
4576
2833
2084
3083
2682
5014
4105
622
1334
344
4069
5981
3029
361
4074
3034
861
5489
2856
837
191
4750
6658
1083
723
1067
6195
3098
1477
2281
1748
3078
4177
2326
4773
4668
4021
3886
3701
2679
6414
6046
6334
5028
1869
5409
6286
1715
382
6565
6766
1581
1158
3592
5940
6254
4111
2541
5728
1532
68
6611
1893
1411
3449
4102
579
35
5206
3546
937
6310
1843
4791
15
1743
4785
6388
1638
6559
4916
4886
1230
4079
2790
1339
652
4714
4946
4593
2427
2387
4995
3940
4519
2700
3175
4679
5964
1967
6031
4332
995
6773
3505
4855
3436
2087
6680
1601
6424
1376
4474
240
6694
1779
32
4207
1416
1226
3397
2868
1437
1639
6574
2874
52
1964
4054
4738
4963
3065
3910
6724
1465
1870
423
5241
4917
5617
5646
743
6516
3611
737
6587
4865
1915
5806
3651
6159
3630
6533
4987
5111
3150
1341
6695
1456
3621
851
1185
5005
3933
5593
1084
481
4663
6686
3926
766
4455
3854
2305
3718
2319
2372
2886
4161
6758
4919
6133
4437
5110
3378
549
4420
3713
3431
4879
685
5764
5868
3176
307
5484
3725
840
1075
3003
1206
872
5605
2142
235
881
689
1171
4954
3737
3729
2456
4183
2980
5521
3613
6517
2283
145
1860
4510
4095
754
3888
1924
1386
1077
6163
5114
1295
4356
5838
3357
5552
6654
6683
3155
1948
1604
2020
5978
1858
2058
4866
5585
2079
4419
2597
786
3689
5275
3746
1452
3812
1895
6160
3404
300
5889
1057
2321
1984
1130
4114
535
1281
5903
3911
1614
1592
1047
3475
1897
425
10
3434
387
53
5105
4518
871
1996
5988
4115
3589
6607
6322
3663
2086
6082
18
611
5179
4287
4675
3837
4205
3178
1072
1914
2984
6637
629
2304
5171
1979
1903
4250
1675
3957
448
6190
2461
6247
1726
1801
2128
4154
3974
1296
3015
512
3316
6729
5570
126
2847
1066
4599
5231
3676
2203
5775
950
5743
379
2090
5309
778
594
2920
4226
6570
4512
2908
455
5271
3088
1028
5578
3667
1188
1192
3129
3757
4622
6514
6756
5628
4540
6653
4619
3979
3260
1526
6493
1976
2167
4497
2385
6552
6562
1113
1069
5420
3166
1116
6610
3897
1089
502
1159
2362
6338
3469
1865
3264
5381
4316
2151
5595
5400
1881
5055
4389
2398
6772
2417
6427
3530
3924
1731
6443
5209
4416
5330
6663
3329
3183
3759
6320
770
4839
3816
4353
3921
5025
1350
4057
4638
1678
2575
5307
1371
328
6148
6608
3254
6457
2690
967
3847
4900
5840
31
5132
4933
4717
2884
3226
3495
6168
1809
5873
2894
5443
3232
19
4336
1060
3656
2754
5542
3271
4867
4918
5500
6062
5685
2278
1757
3953
6267
2082
5800
2296
1838
693
4232
4563
66
3526
1561
3723
5148
6485
5553
3244
3792
3688
3011
4193
4644
1698
3999
6529
1780
5984
3736
3717
6332
1280
877
4695
4257
205
4446
4991
2561
4401
6709
2602
45
996
494
5185
3317
4924
6295
667
5565
4525
2704
6469
1692
4015
5784
2314
1677
359
5532
5410
302
4732
1907
3514
864
2716
5927
944
4550
6308
1217
3618
88
933
1144
2607
1741
1164
3220
490
4121
5348
2156
3678
3764
4188
1662
1882
3433
5370
5439
6515
6647
6103
6617
1634
2553
3103
1267
1765
5598
147
3944
3885
5287
6102
3124
4906
1619
2806
5095
4748
4077
4043
2360
1943
4762
422
2688
1954
824
1261
2171
5850
6524
105
983
643
1833
3840
2814
3955
2873
5186
5022
5312
6736
72
680
4705
2846
2576
4047
173
5932
5335
5533
827
3413
1515
2346
6660
6743
3046
3081
2737
5998
6053
4885
5591
4498
4713
3895
5614
4671
3896
5483
6331
4107
3059
6398
4670
4338
3629
6335
5902
2239
5684
4325
5874
4863
1379
1049
2848
6593
4326
3327
6592
2691
64
5537
1553
4390
1029
889
2170
5734
5819
5931
3324
2883
6226
2795
1812
1503
2138
839
4089
5776
6367
5731
3705
5063
449
4210
1229
1332
98
2473
1239
3994
4601
2652
635
3489
2478
3635
4181
4820
4646
4589
6623
783
1014
2067
3188
1608
6763
5353
670
2323
5960
3597
3278
6199
6649
3128
3832
5540
4103
3292
1578
4701
6137
2638
6558
5090
716
5116
5641
5167
221
6055
5084
6020
4064
1680
5547
2114
1591
3542
4794
242
1989
5344
3640
415
2359
3610
4196
123
2719
5295
5720
1240
3566
4331
6162
4718
4490
4398
408
2584
938
3219
5073
6739
17
4623
5744
1661
6356
5699
5755
1511
3694
2419
2770
283
758
5293
4322
4711
2290
271
3223
38
3362
1404
1298
5864
2311
403
4688
2555
2261
2413
1082
5548
5208
832
1909
3703
1721
2614
3714
6336
3277
6258
1808
5289
6028
4888
567
6480
2005
1330
2089
5423
5556
6232
6719
4339
5199
4280
6282
1517
6477
540
438
2477
6621
537
5211
717
5169
200
6764
5705
5160
1349
6256
3905
5418
4361
1429
5124
12
6007
91
4334
714
4774
930
4876
1463
1928
1004
1994
5508
6030
4874
3749
4187
4509
637
339
6284
1552
1650
4444
1454
3993
3615
1637
6383
5035
406
4094
5162
3987
1032
6305
2912
1187
394
2752
531
4734
1253
1804
5213
5065
5881
5555
5045
2924
4143
350
2640
6636
5491
4818
1093
5738
3637
6312
6538
5627
1165
2611
4307
5473
1549
4553
3591
4349
2837
3494
6585
4092
5816
1894
1269
4901
2428
5272
1600
1310
2730
4590
1713
1799
4575
3786
1387
1335
51
4093
4271
4085
2799
4759
320
5037
4165
6586
3508
3462
6349
4247
3917
252
961
244
609
5083
3355
2116
264
2264
4513
2219
6144
1102
4110
5509
5546
800
3830
4275
1088
3187
5013
529
5398
1385
5849
5742
2817
2509
6394
1482
1246
2197
3946
262
1292
4953
932
2995
6080
4626
1315
890
2194
1554
3423
5359
2121
863
651
4669
3719
3198
6260
2287
4526
6029
1849
331
1384
665
3138
5812
6064
6749
278
741
5505
5450
1152
197
3373
5953
3527
3784
2395
5196
6008
501
149
1911
1193
5798
4335
2791
707
6385
5115
4491
3989
3071
2923
5093
1621
3263
6326
3250
2105
3796
1524
4213
2179
1525
2227
2855
3956
613
1796
34
584
6723
6023
1840
1942
6486
3877
2939
229
5909
2135
993
4543
1048
6436
2841
1224
885
3883
5002
5746
5796
720
4727
1523
1080
4128
5737
3741
2236
4175
4240
2489
5732
3913
4610
3231
2577
3899
2619
6582
108
3879
3605
4873
1990
5712
799
545
808
2463
6227
3558
1201
6662
1422
5383
199
846
5061
4702
5520
4429
5610
989
3289
3117
3051
5750
444
84
3056
585
1
4459
1091
6357
473
4113
1215
1938
2071
2348
6699
2890
6760
1827
5536
2596
4915
1749
6568
5955
5096
4931
5933
618
1147
6234
6277
2254
6061
2812
608
1265
3674
2340
6264
3125
1685
2552
3468
6728
70
4728
2735
3887
5218
318
81
1930
4505
2910
206
2969
5664
2243
6439
773
6546
2819
5232
1361
2123
1015
172
6690
4465
2046
4899
869
3502
5298
3843
5626
6118
148
2173
3670
1593
4386
5183
747
1773
3140
5202
5752
891
2044
2767
3614
6114
2878
2262
4760
4016
1396
505
6093
820
642
3066
5428
1173
3834
1491
2818
1076
1053
5310
1382
295
1470
1236
4976
1394
5587
2107
1918
1837
5060
6317
1086
1441
2232
3691
1831
1584
2223
2338
1564
329
5621
4687
2237
5745
2757
2065
2418
4180
1886
4406
3797
4522
1005
4342
6523
4849
4998
6661
3655
6721
1966
3903
5429
2068
2038
3586
2734
1024
1528
4002
1880
2830
1891
1736
5517
3227
346
3267
2711
1709
2396
3562
373
3980
2913
5947
1612
3307
3028
5192
4542
1302
6068
1758
3342
2070
4076
3471
3032
466
3308
896
1221
2520
3807
115
5051
340
5164
5711
2284
1496
6219
3536
1139
2467
4567
6044
524
4629
1007
5877
1884
1417
1777
3976
1180
3293
3690
1720
2351
6000
6708
5266
1062
1293
6350
3624
5692
5783
852
4980
44
492
1872
525
111
4582
4458
807
3859
4448
2701
2956
4892
2961
1550
1011
2181
5382
6508
5350
1073
2781
3137
4360
2965
3652
653
3121
493
6656
3928
1383
6145
5836
5967
4096
5257
1716
4436
6299
5665
2407
3543
6375
4233
400
5834
5997
2233
3072
97
909
2202
4486
5316
6650
5887
5446
2260
4478
375
5845
2364
6210
6770
4761
4982
662
2476
1027
1618
137
3839
442
1094
6489
1594
4463
5920
5224
5109
2903
3305
1862
3970
4219
2751
684
1175
666
6406
1186
4298
3435
5305
6158
1474
1534
565
2424
3638
1008
3074
636
4966
2785
1691
1054
4500
6765
3019
5649
117
6138
910
2722
6502
1493
6096
3036
2033
3878
1624
6632
1176
4716
4308
196
3061
6589
3076
3711
5912
1211
436
25
5152
5657
1793
4282
6520
281
3483
2703
6742
1936
5328
4959
5487
5402
2355
4040
874
6153
5676
2952
4049
4686
4129
1848
952
3954
6231
480
6324
1079
936
1636
6042
6351
5821
1316
2457
6511
2958
5449
3114
5529
187
5629
2101
3337
6447
1933
5946
398
822
5622
6651
1816
1117
6140
263
4152
5566
304
5910
4011
6237
159
3827
1001
6689
845
1106
4511
3593
3775
2025
2
2919
4410
634
3665
6223
2334
5723
6266
1255
4758
6420
657
949
5144
5829
2775
1133
219
4654
4239
1235
3453
5980
4697
4031
3350
677
4724
5437
2592
4022
236
5586
3009
4591
4423
2764
4845
5427
528
4981
834
1154
2103
5416
1038
2423
369
3800
6475
5674
4600
630
3422
3026
4237
6035
4475
3901
4045
646
6017
3728
4703
2120
3333
3037
1325
4859
2027
5181
4310
819
2061
1635
335
2677
6492
5386
4501
4605
912
6085
451
3890
4764
79
2145
700
6100
5498
2901
1264
607
2588
298
1210
586
3949
974
856
4443
3160
2153
3898
2595
4783
6139
1754
5763
1576
6519
3753
3210
2377
5355
695
6648
5384
687
2678
1825
3983
6573
3030
880
1900
2389
4502
5792
4380
6507
1667
1121
1566
959
4254
3856
4577
5314
220
4176
1707
6675
3085
3265
4026
915
5012
1277
1112
865
518
1413
3326
1633
2468
1654
2944
647
2100
2125
2414
6544
4263
189
4418
5146
4173
5894
5715
396
3852
6176
4027
3673
4493
4375
3992
796
4450
1535
1140
2229
1527
336
2126
4595
6167
2854
1098
472
625
4693
223
3383
2758
6551
1021
24
4020
4473
4592
3984
2288
2376
2948
1916
232
1479
1630
1583
6122
1354
6446
4970
1824
2391
3273
1453
3262
3556
3790
914
6151
6050
1109
1538
1457
3077
417
233
2026
1473
2998
6136
4407
6673
3684
3766
5797
690
4660
1616
3402
2604
4179
6012
4430
2161
5379
2399
6505
3823
4352
5735
6301
2412
5815
488
5780
4291
4317
1319
6495
352
6196
4080
3297
3301
4564
2646
87
2582
1324
4251
3544
6733
3230
681
5526
5771
6366
5996
1643
3560
1626
6564
5681
5165
5530
2672
1472
1406
3298
5149
2540
2880
1356
4690
5929
6769
2542
6172
3743
5567
4787
664
3480
3426
2148
1110
6387
4270
6554
1141
4841
1397
16
4405
6087
1303
6059
1803
1268
1704
5871
5575
5611
2250
5843
4192
4880
2393
4737
2547
3742
2544
6298
3995
6304
5990
1202
74
4560
5301
3331
1718
3595
1586
3507
1694
3384
1030
5897
2022
2513
4733
3173
1430
3907
5009
3236
3891
6685
1951
3985
4780
1983
292
2787
158
1890
496
5928
2368
4394
4523
3894
4496
1712
614
3602
259
2906
1449
901
6099
366
6526
3660
6113
474
1241
4268
5687
6669
3351
5527
2975
4667
5107
6125
6567
1888
6483
3063
222
4909
5969
4104
5633
176
6353
1055
410
4460
1346
41
5779
3498
1613
1099
6363
3174
5126
5049
6757
602
3585
3826
2802
5678
2349
2436
2728
5583
4902
2329
5496
4834
6400
3023
3218
1244
3461
2526
1022
48
5142
6091
6311
94
1026
3082
2875
2643
1683
4391
1798
3408
216
3095
5694
5606
4897
2546
1978
234
5545
2356
6484
4134
6381
5863
5616
4253
3820
678
2973
445
3779
1676
1403
1805
6218
4548
6670
2178
1407
3197
753
2624
6348
3157
5392
5050
4384
2228
4990
1308
6452
4731
1516
2844
4422
4832
1358
4848
393
3440
5623
5691
5408
575
349
2259
769
2842
5203
6620
655
4628
4559
5640
3115
1300
4821
1370
3448
2347
6588
224
1767
3555
3862
1629
3517
476
1826
4941
2684
5371
1510
6762
5772
5895
3582
4837
3189
6074
3794
2300
1940
999
3579
519
1565
1642
1787
4743
6033
5377
3395
5569
4412
174
6112
5805
907
1671
6384
2094
2659
978
1359
5033
6604
6228
5345
730
6215
201
1507
591
3222
3599
2654
65
1260
3865
4056
3977
2190
4890
5032
6373
2721
1317
4527
1095
5826
3159
3257
3482
4715
5157
5438
904
3912
5993
3258
4087
4858
6634
109
4666
5108
4485
3767
2707
4631
2900
4137
4029
4741
3008
1150
3270
3379
2248
4757
1665
2273
6022
4825
2710
5303
791
4343
2491
471
83
1132
136
4685
6207
4944
5951
5337
3519
4903
4252
3959
4633
3916
5161
4388
4807
1919
4945
1097
3266
3170
2302
1679
6393
4033
166
5666
3844
6740
6306
3360
257
1587
6265
4347
593
2680
3521
2809
3145
5564
1372
1168
6627
833
5252
5754
2628
2039
1155
355
3456
2289
2285
2658
1847
4132
5559
6754
1786
6745
1776
2964
1469
3577
5229
124
876
5058
5852
682
6666
3720
5513
1272
966
1366
6681
1817
6535
195
6272
2216
3594
2272
1598
4986
5153
1557
4379
161
860
5235
4556
1314
156
4340
2211
3172
5930
2631
4826
3648
4640
2985
1775
2763
6600
2746
5983
334
3828
4169
6261
2986
4835
2563
2077
3050
6594
4073
2353
5602
5284
2867
3100
2111
3375
337
1402
6421
4751
6433
4882
3352
3319
285
1962
4533
6271
4769
6280
1445
4149
402
4914
2863
2097
2363
4504
4259
1425
5504
1044
574
4042
479
1965
397
2331
3207
4868
6541
6635
3858
749
1689
6761
5475
3473
4136
6369
2668
2099
3200
5004
4139
5727
2905
4681
5432
5422
3810
1539
4164
1506
4929
4846
3359
175
435
132
5052
4960
2579
5001
3981
2122
43
1068
2551
3441
1034
1050
2238
3090
4383
4147
3574
6390
1275
6359
6242
1085
4683
5522
6698
4215
63
4749
6397
782
5992
4939
4382
2330
5725
6444
4211
825
3025
4296
5137
5184
1271
2333
6612
6108
3531
4061
3106
6459
1287
4503
2010
4276
2184
4209
1922
5541
6706
4279
559
1481
5220
6506
2206
4294
1763
5577
1992
2180
2955
6499
1137
4365
3459
2877
5331
859
323
789
6713
8
6147
2676
3870
390
5701
2951
1059
1937
806
6738
1705
2444
5341
506
560
1944
5803
6164
4637
5195
2403
3116
2401
4393
2949
4303
1389
3735
2146
4894
4996
5351
5375
202
765
1487
4014
2004
6717
2792
2295
6399
4344
3568
4185
6605
441
4708
3040
4891
3755
2060
1151
3998
6407
960
2800
6252
3631
2987
3079
4948
4372
1499
3215
555
6292
1104
5356
550
2644
1501
6619
1751
5612
3763
1348
5462
1724
1609
4756
114
5654
5121
3229
3522
1363
3087
5844
1784
414
289
4581
1653
5648
5485
801
462
3283
4467
2462
2849
3235
2453
6566
208
2993
2828
5322
1195
4620
3534
1390
5599
3349
3291
3458
1641
1640
3288
2574
5827
3801
1906
4492
5832
183
46
617
6361
5794
1782
1203
2386
5238
3400
1841
6753
5756
3107
3147
1770
1483
275
4440
5761
326
1123
5862
4676
3704
21
4052
4940
3515
934
6437
4989
2630
3793
4378
4392
4499
1548
80
100
3706
5131
6354
3658
2102
110
2865
5134
6230
3104
4000
6293
440
867
6461
4285
6285
3171
1513
6083
5217
2337
6327
3154
6049
2093
4551
4851
4921
4804
3781
5651
5846
1768
764
6135
4799
5396
6175
1056
30
691
6063
1899
4650
998
893
50
5847
5076
4925
134
3464
795
803
538
238
5000
1791
6416
4516
3204
2112
2974
4673
6198
1589
1889
5403
6376
2510
1061
5453
1760
5837
3112
1703
6014
1949
4653
3248
530
3123
5472
6572
4037
2946
4544
4831
6211
4704
4480
254
1543
5851
4726
5543
3497
3906
2469
3516
6259
3131
1148
1684
4288
4602
2294
2252
4350
5680
4364
1622
5395
931
3795
4632
558
633
6173
3363
378
5856
306
5087
3617
6561
6225
1006
5876
2471
3303
2014
6530
2104
255
601
3513
3044
3421
3853
6066
3142
2653
4735
3272
3532
3414
1815
284
2404
1939
4329
3965
6047
1161
3524
6283
5100
5182
5938
5329
4200
1170
813
5945
624
5444
2131
2445
5809
3601
2266
5594
6365
2344
6430
6241
4138
5378
2307
162
1177
4691
6244
702
5150
6711
5999
6079
6471
644
2534
6657
6598
1291
164
2374
3808
2720
2155
6233
2850
2390
5839
2717
6339
4304
2016
5642
1839
1374
2465
4562
2860
1710
5118
1599
794
4140
854
1033
478
1792
2827
2581
3133
5136
4256
6652
1844
3671
6058
5510
6609
902
3148
3506
812
2405
370
4249
6156
3545
715
5340
6391
4442
23
4351
1878
3167
2371
3457
6490
3443
2256
3988
2187
6550
1788
5264
5098
288
6128
2664
3730
3914
4345
5276
5896
3783
4781
1273
37
5700
3559
5899
5854
4248
5872
2214
1326
5456
815
5342
59
3181
4910
3580
4373
4558
4301
1237
1800
4932
1392
4951
4117
6089
6741
6532
1103
2725
2241
2382
1502
5962
2651
581
1046
775
5391
3007
2921
5222
3756
862
2598
7
412
1219
5366
1432
3866
1656
2316
192
1250
520
2191
4261
1118
2600
3401
2157
3296
2230
6213
1960
3328
2168
6165
3697
303
5466
3416
186
56
5447
4162
439
5226
1327
1753
3740
997
1459
3661
3038
2605
6294
1200
2466
2992
112
2339
3996
6389
4775
899
3813
5726
3393
1227
6380
260
2794
2049
5104
243
6328
4884
1851
849
553
4651
2821
1427
5716
2134
4433
4568
2859
6370
2392
1367
2705
1651
2204
6343
2047
5917
3105
3564
3525
3067
2936
6678
5525
1711
4792
776
3429
6095
5886
3569
5762
6221
4847
5066
4220
1568
2696
5659
4174
1610
4452
4578
1795
3225
4238
4292
1184
6124
4698
6539
6701
5758
6032
3533
6290
3075
2249
539
2732
5234
6043
713
2793
5015
6468
1393
3772
4796
330
1530
2292
4583
1912
5079
6257
5765
6731
4869
1190
6191
3947
3451
750
3836
5336
351
2002
627
3541
2978
2617
1489
5194
6423
5878
4489
5528
1603
459
5263
1717
589
5201
1321
4449
3045
3346
5227
858
6540
1443
2531
4150
3417
4396
1100
6693
3245
4214
1955
2663
4072
736
2043
612
5733
5085
5367
3603
1693
6201
3809
6379
6691
4616
4968
2697
3650
1647
2188
5669
4786
4795
2055
4862
4245
5608
4202
4571
1051
3841
3214
521
6372
4652
5579
2011
2357
2796
721
6180
562
6720
157
3424
3590
5860
5717
475
541
2933
1204
3191
3287
1494
3472
4860
1368
5190
788
1431
3849
1697
4878
4142
2729
3923
3430
3299
1958
1797
962
4438
5221
3683
926
2343
5230
3285
4454
276
1567
5338
2030
5729
2571
5082
2748
3407
6744
1409
604
4913
4771
1605
6382
1318
3091
2515
4318
6202
1282
3190
2481
917
2066
2267
204
3952
5524
3014
6169
1381
6314
2723
2373
6676
3721
6727
3108
3340
3073
5560
1380
2621
6157
3268
130
6467
4793
5558
2881
6527
6204
1450
1537
703
3017
3455
3323
6116
1733
2573
5751
2635
975
280
2857
5926
193
6177
4594
3438
1149
3070
5046
5924
5236
4337
4046
1737
6345
5482
5067
3405
5187
718
4586
1369
6473
6088
6633
3641
4197
106
6330
2215
2031
570
5321
1040
2400
4836
2629
2242
4321
3339
170
6580
1688
5777
5503
4086
2159
3733
6451
5339
6203
5459
5679
5433
5168
5741
3848
55
4018
4462
5130
461
3523
4978
1333
2548
5101
1196
1017
1902
5007
1323
4417
3126
2891
3606
1160
274
291
5494
5972
2277
5601
4274
3918
2962
5102
5787
3213
1702
1043
640
6309
2627
4819
3206
4125
4293
5326
5650
3454
5442
2972
4235
2968
3428
2367
6015
4469
1485
5461
6268
2118
5363
1078
1781
6069
5057
5411
2421
991
4570
5987
1522
5440
6347
5242
1421
2009
3068
1208
1518
760
955
363
568
6581
3968
1467
365
54
5362
1571
2169
1615
6141
1834
6542
2823
5265
5689
1019
563
6396
6110
1279
1923
6238
2265
6453
3049
3824
5561
4184
4665
1074
5888
868
6005
5262
1756
6342
2507
5686
4290
3463
3020
1478
1745
1540
5158
3708
4937
2336
6104
3325
569
1266
2325
686
5572
6240
3991
3500
5702
4217
5233
2587
3199
2506
3931
4082
5954
2885
1087
1414
1401
712
5207
3000
1575
4408
751
3727
6692
4451
2876
3699
554
371
5361
2015
1588
1687
4596
673
5189
5497
1961
4896
2271
6404
2695
2811
1700
4912
4482
4182
498
515
96
4992
1306
5615
739
3306
4354
2247
2966
5696
1926
5188
4779
3353
705
4431
527
5660
2051
3821
4784
605
1544
2425
1114
5354
2098
4119
2328
4789
2313
5390
6395
5387
4763
4190
5576
141
5021
6545
1338
2433
1950
6019
6255
1440
5721
2820
4246
3031
2132
4007
4725
2931
5251
817
5589
6682
534
325
2862
2439
4883
6212
2990
1071
2836
1405
903
4962
5518
4025
5801
5879
5748
2361
434
5976
6302
5855
2182
4746
3344
4044
979
3249
464
1823
1002
3022
755
3634
5813
5554
2152
3284
256
5170
2115
5708
5430
5695
3504
4439
632
3770
5163
5016
4126
6101
3439
1081
5718
5766
556
1415
5302
3460
4514
2888
311
6428
2501
5825
2840
4116
6315
4754
1819
4800
2744
5172
5789
957
5985
5237
5538
4464
6134
4051
6411
621
2315
5774
3202
3748
3336
3636
5394
4178
4645
4930
2053
577
4707
1232
5325
4186
2662
5604
6024
2603
5030
4957
2699
5205
383
3751
704
3554
2655
6071
6149
1970
2310
1829
895
3780
826
2926
4603
757
2075
4112
2522
2480
2996
4604
3680
3392
3872
2568
293
6052
5514
5103
2486
5995
3366
1941
5425
4156
4387
542
2301
5349
2626
2825
3180
3511
6412
3251
5225
5495
3376
809
1486
6224
6187
5724
6161
2083
2816
1342
1360
127
1042
3485
4997
247
4580
322
5352
5719
4278
4611
526
5562
6563
1373
5824
2381
3528
2726
4678
4481
3281
616
887
5358
5639
3445
5306
2922
2270
3971
3829
6445
3875
3563
20
1818
3973
6001
4908
4432
4573
3161
1475
4587
3216
5486
3799
3825
4091
5255
4647
4194
1512
3052
1595
2613
286
2845
1242
212
1289
1065
4872
4319
2496
249
6026
4856
5414
294
4630
1852
4797
3677
2761
5965
5793
6518
2739
1674
3587
4736
5790
1352
811
5949
4812
2474
5519
4118
3211
6419
1681
5448
5239
6217
2147
2317
4597
429
572
3857
3934
597
4090
1980
2953
855
3967
90
5334
878
763
2778
3195
4404
985
2411
4772
3466
62
3102
4572
2013
4950
5974
4893
947
1963
5277
1497
3101
1672
5655
3371
4281
5515
99
4777
2050
4159
4816
5385
3948
5193
4515
3365
4528
4397
3321
6220
1136
5597
4554
4313
1500
4898
2741
1410
1122
5747
4536
1012
3312
6181
6236
1167
2240
2892
964
1129
6287
5786
6555
1426
1284
5324
4539
4075
1508
3151
3654
2620
2193
4579
5670
4277
1468
6222
4613
4368
4320
5989
3493
3367
2557
5619
924
211
3627
1560
1183
5584
5080
4484
928
3389
1999
4680
5609
5582
1658
5036
6243
2623
5785
6560
4302
3490
3657
2431
4947
4306
265
2907
4402
2255
4010
4424
3092
6674
2345
3406
2902
1418
1644
3642
6472
3136
4267
4041
1447
4461
1438
5842
78
5089
694
4974
3943
1764
4615
3707
4958
1533
5369
2612
2291
3771
738
548
3664
2495
2543
1957
6178
245
5308
2904
790
4227
39
6352
973
5393
4961
5214
5937
5568
2550
6528
9
348
4067
372
6602
6448
4163
5156
1747
5106
2774
2599
1336
2743
923
2858
740
2925
4198
5023
5415
6432
2251
4625
5982
217
3315
590
6360
2669
301
595
4083
433
1263
2731
5180
381
2706
5544
3518
1228
431
6707
4920
4824
5802
3144
5706
1853
3596
1871
1722
6547
3990
1488
4359
3900
5197
1434
1668
4635
6726
6318
2779
5122
2268
2843
5054
3391
2286
6183
1101
4366
2162
2048
6098
3086
2567
886
5643
2940
1288
1682
3696
2675
1399
118
2069
523
5460
4753
2594
5279
3925
6048
6441
663
129
380
5091
2052
6759
830
5477
2622
1821
2143
1811
1146
2064
4936
4672
3833
3951
484
5259
3572
1254
3432
89
5760
2437
5243
2416
2150
1233
6121
1573
3915
544
1391
5380
1728
2788
1322
6510
5463
6006
332
2945
3182
290
4272
2426
958
4109
1013
4028
5882
1920
6281
3578
610
6596
4710
5698
4435
460
4362
5944
2681
179
2784
3553
1119
1220
1570
2119
5024
603
948
2384
3619
14
816
6536
5397
4024
583
6189
3817
2312
5304
3004
5511
522
4852
5478
1761
3628
6262
6655
154
2941
2813
2783
4975
2370
3904
6583
26
4258
3403
1090
3557
1520
428
5823
3806
5739
6321
536
6313
3470
4048
4201
5256
1952
4877
316
943
6618
2989
2929
2530
3695
2715
6129
6722
6591
4323
3672
3205
3041
4815
1294
3604
1135
1045
5853
1120
5859
4230
1987
2947
4934
4904
1820
2692
5753
3686
3969
4809
416
1461
6715
3639
781
1125
6143
4887
5858
792
3726
850
929
4840
3386
810
237
4122
6126
1993
3168
2441
1883
3153
5682
516
848
1344
3027
3338
6442
1490
345
6034
3851
2309
722
2897
5907
2185
5294
3752
4123
4008
1252
623
5019
1832
6734
4131
661
6644
1806
3109
1498
1191
119
698
3920
631
4151
3538
407
1214
5426
2832
3819
4399
2040
5360
1439
296
4535
2078
6575
2358
5630
2455
3012
4813
5704
3503
122
5867
5885
1790
3122
1927
3437
3512
2276
2578
180
5697
5943
4967
2029
2756
1345
2409
2035
4964
6466
5125
6
5647
2801
3006
1484
4409
1262
1464
4355
1249
6626
2144
6410
2008
1420
3937
3304
3978
2738
4744
3709
5730
2217
4199
5778
6117
5914
1953
1353
3647
2918
3712
857
4055
3425
6206
5372
1908
3043
2971
844
774
3099
6579
6155
843
3873
3868
47
675
2306
6415
5624
6494
6146
3787
5026
1771
3941
1312
3290
1794
699
3447
6355
2698
270
5959
2222
3774
5913
6036
4385
916
131
3300
5870
6553
6479
1128
4312
194
6386
1521
956
3247
2909
5693
5688
239
1278
4425
1785
5468
3119
1935
513
660
994
4656
5365
4985
1932
2253
2139
6465
628
2449
734
5038
4529
1725
4470
4241
1378
6599
954
4212
5590
2593
2023
6374
2303
4127
4286
3972
5857
2021
2950
2269
1205
362
5215
988
2460
2689
4952
5822
5373
2591
3387
2109
36
6732
2208
1375
2076
4661
3644
6537
1744
744
75
2898
3253
1723
1199
1969
1377
2766
1766
1988
1509
4745
3659
5480
5915
3048
4829
3710
847
4295
1209
2209
6378
2755
5064
5986
5155
6630
3309
2535
4659
2006
4549
453
3880
4369
2096
3252
3565
4204
3769
6440
142
6603
1355
4798
5099
970
6642
6170
3668
5891
6142
5722
2942
3535
4636
4223
4927
3139
606
5113
5327
1562
4395
1197
4415
69
2914
4189
6512
6746
2024
1968
5481
6606
748
4895
5047
941
3616
3412
357
2012
5288
2524
5690
1755
6679
6556
282
4520
1362
287
4228
5458
4305
5966
2140
3084
1934
2354
5424
5441
5097
1580
4770
6718
5488
3685
905
2866
510
4768
1885
3484
1134
2234
3882
3208
469
503
1917
3785
450
4766
2565
76
552
2415
2430
182
3146
388
1480
353
418
3185
6185
4216
5539
2709
2172
1620
1892
3442
3141
3275
6130
3201
2166
6638
3986
188
4327
168
4817
3962
231
1628
1198
533
831
6668
884
756
5088
3782
4971
4058
701
5636
1462
4541
3410
2508
3467
2959
5672
1466
1975
3547
297
1556
5707
3864
6403
838
5770
2694
2871
3846
4311
2164
6070
104
3184
261
6474
4203
5018
4472
92
2518
6004
2410
2882
2769
3693
5574
2394
4547
409
1929
454
4658
57
2042
4477
4471
1863
3001
3529
3922
892
4765
171
3016
5830
1127
5376
1259
2482
1876
6704
1156
2341
5620
4598
5177
5631
2408
6016
6595
3212
4624
3354
1541
6639
6641
3646
430
1873
2028
4755
3156
5389
1789
752
5043
1299
1398
1752
6645
4371
3332
2932
4814
28
2484
446
1285
706
6405
4584
1247
2724
900
6463
6274
3682
1997
5835
1972
5804
875
3093
2560
1138
5247
2177
3633
4664
358
725
2451
321
4328
1428
4081
1807
427
1194
2186
4806
1364
2226
2117
6571
1740
1105
785
911
592
467
3822
6748
2773
2687
2559
4674
411
1910
1052
1659
4229
4588
1251
3679
2789
922
1451
946
2569
3
2889
4441
5476
6418
2397
5961
2446
3936
2494
2124
5791
853
2470
5916
6426
103
5833
3802
5677
1351
2807
4949
2434
3620
3256
870
5795
732
3791
6702
4532
273
3118
4003
656
1646
5069
3643
1735
3778
5173
140
6288
5017
1035
894
4521
169
1854
3479
5320
2834
6250
5455
2528
3575
5596
3583
4170
2034
4479
921
1412
2057
4827
5040
6109
4013
1388
3571
3861
