18039
5020
8841
11981
6882
14719
4975
32935
22135
28497
19815
1535
1500
223
4186
19703
1
355
11617
16001
18897
297
4382
18671
3457
7338
2787
32026
79
997
12115
1564
9926
139
6288
2923
2608
5419
30
5530
9874
12531
134
232
10110
4063
392
16700
9982
2001
2025
14345
376
2685
3091
5690
5231
430
2167
23421
4477
8675
17741
22835
1336
2212
6162
6203
6547
24133
2404
13161
431
535
20847
790
452
12859
8795
2904
31414
846
1066
2418
9989
2759
9969
9491
25157
1050
8888
23321
6151
6922
47
2144
4000
14833
16498
16916
4752
849
320
416
6772
202
8479
14131
32182
20507
23673
14199
10578
16668
26349
22043
5958
444
32051
2593
3299
18767
28121
31163
6489
240
6773
1210
10217
5667
13759
5678
177
8247
10080
9041
8476
30276
853
24625
2954
8277
4726
9919
27833
50
8861
120
10396
405
1563
460
31553
15119
17827
7724
4015
10456
2768
21743
32013
825
43
17505
17549
6444
15197
44
889
857
2993
11759
23273
2198
22535
356
6682
481
7054
90
10588
2034
7627
10863
3588
21939
17731
16049
12113
10568
5141
23233
1191
10687
4997
1412
18153
1943
4280
31240
72
5781
9756
1961
28891
31859
265
7791
678
6758
21557
16742
8769
1281
10321
457
18507
11757
195
9379
1852
28977
13271
8407
31043
13601
22677
18441
14741
7662
5681
20021
8876
1887
14289
579
30831
5764
8408
21659
317
22877
1195
477
8074
12175
20689
384
12477
26
101
20053
299
60
29317
777
30321
5630
801
4059
2363
1575
9656
93
469
10790
856
5039
7088
32282
8100
1122
8536
23289
818
9289
10165
6974
31181
31080
20159
24893
14227
12365
10793
28297
11843
24655
6637
6594
3970
15699
16241
6408
14807
5114
10397
2251
30240
635
71
6746
19151
760
346
1593
15051
1726
2560
23847
953
903
13535
10719
10620
512
19775
523
4437
6573
4789
530
1607
15379
5835
4725
22859
389
28025
6880
13093
15689
11266
18139
793
8557
10020
6895
11499
5682
3167
468
8514
15117
6421
27831
8465
14467
228
11111
3572
20371
12445
4224
257
6325
21603
440
6896
14967
20
3974
30749
17247
2476
16870
1686
15809
552
1365
31733
16011
1250
21085
14713
21507
478
10172
15225
7082
136
18677
16355
15881
1289
12729
28907
303
895
4028
401
30503
27
18893
11737
13667
4081
578
4188
189
15037
3785
12549
24991
934
587
385
10737
26243
432
16
3092
3927
243
1505
21405
2508
17895
10087
1696
10389
5204
2107
14027
479
28171
2336
11761
25731
16762
32485
7695
764
17265
16035
2966
52
5507
174
29854
1361
12467
11597
255
14527
10067
904
3470
1614
6033
67
1167
124
1840
2041
3001
32
18713
3375
24415
26441
1723
29095
10622
205
3712
3901
27821
30091
2236
143
5526
32729
31147
181
33
1764
66
5081
2161
3702
11241
10490
18523
24703
13409
23283
27989
24439
329
1469
417
11977
323
7472
10271
292
10589
1117
11577
196
763
32108
30307
15933
9630
9135
11633
936
25013
11113
1078
7711
6351
18121
3673
11771
27775
1082
23989
4872
27631
1472
6120
6201
1313
6401
23383
7858
1691
507
13659
8937
19647
11339
6377
23199
28755
974
1046
3782
33161
10209
13367
12413
18661
27899
20031
4884
10686
55
25143
24037
658
6347
371
4361
102
873
3622
1808
467
6187
250
17397
19511
16934
318
21855
9617
813
14355
4181
3366
514
285
11887
32792
22145
2246
4472
10162
31121
2589
617
14829
11741
28223
5525
10495
896
6702
2321
7193
1719
15437
5028
1274
1264
996
4835
23319
4654
1074
17074
861
541
357
707
1720
369
6178
522
2210
2962
586
28883
4196
7674
6500
9253
14749
476
9120
15039
3086
901
6213
713
20651
25687
10379
6875
14349
322
10624
5355
6280
22147
6205
1104
227
10408
16782
30205
528
449
1119
732
164
6533
269
31715
18115
1487
1798
4722
21881
2924
1287
411
10502
2268
23755
4450
8516
22071
31772
17855
4667
11319
6166
11739
855
2847
5
21327
482
268
1604
1562
21431
20457
2994
1422
14397
16894
2330
1156
9366
245
30300
3076
19685
16009
2104
225
3655
249
2899
1836
3228
25
2403
15085
11103
3032
4192
4197
3354
12501
3210
1239
11785
543
1842
13171
270
9513
5978
13357
8197
18989
3247
2927
19285
31378
2605
2798
10348
3269
14653
12049
31138
31405
12293
1689
747
9062
4094
985
14353
1223
4182
570
1862
30296
28981
87
5279
7593
18497
9515
9941
9347
19191
7769
17205
7337
408
1602
8246
17729
596
9925
10469
11743
10213
13391
21189
940
145
1519
4918
906
6361
22537
238
14075
379
29803
10298
1140
1824
4898
7817
18849
18247
16149
29261
30460
4551
10033
2834
6050
45
31637
8217
237
2154
9331
1023
2163
32491
22319
11079
902
15583
2494
22101
16918
25781
12753
5152
8676
121
25835
18
65
1829
7739
25159
25879
3737
16067
981
29785
20785
6512
23251
21185
20509
1237
2718
464
1913
1692
898
4156
6023
601
10116
3359
4793
94
8481
5258
22729
10604
19369
5300
31710
149
2581
21511
132
11665
226
7647
10030
96
4155
6633
20899
23775
31914
513
9252
13335
84
73
59
30868
7559
465
61
914
21771
13125
24913
28725
15417
13403
10934
20853
11013
719
28999
5947
10083
2398
8630
12223
3328
63
9734
24627
918
3342
28791
213
2969
68
69
2178
32561
462
3455
23945
3594
3783
6007
10161
13677
6114
1889
25681
459
2683
2889
3731
6211
16706
31793
18229
987
1665
267
437
631
9724
17391
21647
2424
30123
19953
21681
199
31754
7592
4087
18679
651
157
6392
9332
25519
14513
1143
5079
1179
2985
18277
4719
10075
10805
2112
8142
19669
8457
170
11783
529
2356
14813
1818
21797
31559
1003
18179
1603
8425
10447
5702
2433
3420
1530
1079
16662
13331
5680
1531
1254
9917
12355
1146
24873
22199
421
14511
9958
1748
11061
1674
7059
16524
24833
21325
6904
13807
1675
967
7
24231
32438
16143
2346
8234
17389
2937
1566
32370
22297
13727
48
126
3614
4999
24261
6704
15807
1030
6791
2499
18041
9367
5034
28927
15793
34103
11933
31283
18851
138
8129
147
30925
341
899
6884
28351
252
2032
13715
27787
8422
6046
779
10739
29758
4578
866
207
20545
24455
6045
57
546
5342
32526
1606
881
10017
372
1369
11703
5112
3057
10702
32542
882
4981
1996
10611
19429
2986
1378
15391
1397
4026
4483
12403
874
12611
28817
4550
3166
5572
160
1004
3087
25429
5712
3503
5205
150
1045
24075
33964
25729
281
451
241
28623
23605
3848
1172
1858
32682
11433
28805
5060
7596
2026
3626
23101
1629
1738
12879
5277
15059
5196
393
20787
5955
2602
20709
12783
14175
740
2615
3266
400
13585
12431
5341
4901
550
5356
11285
10092
15687
25389
568
4814
31636
28701
30279
3230
1033
32094
30383
20423
31404
6372
91
670
28675
19319
22663
19
32214
3002
31704
27655
32379
1362
1568
1433
18549
24031
2961
30911
24751
5030
21105
22057
14765
1569
1226
11355
8532
276
488
32998
1953
1132
10079
10155
16417
81
18495
16592
5940
25283
2135
2823
2945
656
21561
19109
1816
387
5420
19221
22273
24135
31500
27633
1121
18753
11553
5298
8726
10697
32189
4415
14875
1034
133
6774
32700
12565
3234
2905
12959
4106
2263
435
4214
11313
1163
1709
18095
18397
10897
870
4720
10029
248
6956
9793
4938
12031
12581
154
23209
14283
563
26395
31234
19159
2060
11979
3944
1276
25397
1888
8456
98
17437
1827
819
23735
23623
5042
1669
8026
19671
23201
762
2964
1559
222
31552
30915
1225
834
1399
1072
11371
4886
30015
2472
46
30206
20541
256
9181
493
29786
13333
272
20973
11179
28
17641
6793
572
304
6675
22817
325
9203
14921
395
19489
15323
758
12189
30902
11227
13267
2067
10417
1622
275
20517
1363
27829
1212
3225
339
6747
5973
885
10808
146
24475
4983
10012
433
23309
1525
8424
30654
1376
4503
1565
7222
1192
22789
394
8086
54
9117
1483
837
20919
326
5391
21667
19363
51
19769
527
1342
2747
16528
15863
8023
2006
2796
7311
553
419
5337
17901
1598
11077
7079
1983
32083
590
3298
14663
1601
16157
28621
1120
30191
20939
12671
10445
21995
6707
8293
1731
8460
3784
155
3513
26055
17535
634
3593
7017
4177
1111
23285
28825
5178
6893
8915
23385
23333
6712
16353
22547
11701
984
19021
6927
20533
5957
28211
6890
382
6
486
9074
9936
15315
10681
3701
6987
1698
2273
743
10800
13663
2659
17121
2926
454
9712
3363
4548
7870
128
64
12367
31821
114
12487
7590
10418
1249
32281
5172
7262
6163
13479
508
1118
4896
80
867
28819
19163
833
12651
14045
23325
532
30346
10163
9170
16385
19117
251
1002
23579
642
2795
4163
403
11697
21843
6941
2970
4282
13599
15565
1222
17873
27525
880
4130
30384
24705
4866
2963
180
2129
17082
122
27957
5065
1981
524
492
5671
16005
6287
2248
9465
3005
15487
10715
19367
1364
7661
712
3652
192
10798
4447
12669
759
5214
29093
29067
6171
2123
28149
397
19195
472
10156
336
5962
25839
19855
8490
5691
353
1772
17777
8097
53
2951
12461
15775
167
4565
21863
375
2972
10638
1133
3468
22
2030
21273
31815
351
20431
4744
741
31297
20583
85
24687
1374
3466
659
58
20057
129
166
12967
1532
5288
859
1805
13709
137
1471
650
502
5365
12237
2386
21573
721
9624
31374
9890
5454
1123
190
1219
483
696
877
2952
8438
7857
31289
15377
986
6954
4910
21737
2182
2361
7148
11083
218
10218
27991
4970
2397
1954
338
16664
10721
12149
31904
1536
18119
9167
1454
187
6572
193
28063
969
13561
16910
3011
1258
1796
23327
24
5118
22125
6811
3121
30795
3186
6164
841
4532
10372
22865
1589
935
8311
28619
585
12893
905
10049
3887
6783
687
99
3229
19697
1187
569
1043
135
1956
10582
972
3841
510
23447
10370
798
11385
2235
24405
1138
1482
1817
8525
17187
10763
1869
1406
2111
5460
19315
2971
4804
343
15
547
10918
851
1262
5252
407
31
7666
10827
4052
664
427
3352
8857
21075
10119
591
10713
3791
618
1142
685
4795
3956
1586
27601
644
31711
23781
31706
1445
21177
8934
937
554
30544
1335
12883
23079
13939
907
11491
5772
3165
3358
168
5458
18857
2131
21773
7745
9790
6705
5753
517
470
13469
185
2890
12711
21363
2595
17
3508
1554
263
31478
3012
3958
6137
153
521
6676
1506
1917
1157
13851
2420
9493
10521
10647
32828
10380
29705
6787
16051
10834
4535
6634
31223
16732
5305
2443
31964
14669
1091
9330
4107
9675
1546
6030
330
5909
897
19211
12317
10714
499
442
198
17909
9047
900
567
18689
540
9638
11123
119
23619
1567
5150
288
2259
2159
1957
31953
31309
16023
24781
1526
10448
2369
25183
24227
3878
28735
3759
21167
21329
16468
19391
450
2116
3578
5244
18465
4650
1047
5074
17821
6127
15451
7720
24365
6154
15813
158
13655
448
1488
2194
254
21077
19257
76
7304
941
4581
17875
5902
537
22687
1642
13411
31143
2214
641
14575
6645
9479
24765
1124
123
9735
1826
18393
7568
2228
29808
350
9055
1051
11615
5220
7588
15879
3050
2148
14837
1405
807
22961
11879
9776
7058
210
2863
1544
10572
5538
1765
20961
1015
6862
16904
21653
1648
1807
12017
576
24277
5941
3009
31716
539
9130
10893
3654
2412
2448
8917
1065
10464
3574
9863
10076
1571
3464
835
1269
21353
5162
6610
928
182
18295
24151
789
1594
30782
10294
108
531
10717
9736
13639
854
7110
17643
32634
10671
1486
18245
283
7748
2772
3307
23281
1951
963
2156
463
6951
1419
277
15771
11359
1292
1263
31580
100
863
559
1619
23259
710
3221
637
12321
6802
18055
2752
7655
3861
1240
30355
14989
9888
12187
20045
785
169
3713
23277
12857
10497
443
6768
2164
1844
4012
4246
6381
949
412
1067
4356
31376
20745
12291
1542
4262
2302
2002
3270
30458
10870
19573
31442
1787
15751
242
14293
22673
627
16444
24921
3467
1886
690
9471
9801
2238
18195
2514
1576
197
1417
18177
1005
5233
2371
1260
738
246
669
16397
1039
5914
274
19383
1155
5670
1727
1915
20767
1398
12231
10947
23153
6479
2175
15335
9314
8619
11889
875
1592
15811
11005
9922
2130
32648
9981
264
221
28405
4672
968
21563
10711
14333
1860
260
6122
17831
9002
27891
2274
7135
4903
22097
9362
9001
548
31798
8190
1914
16419
30991
908
321
30347
9220
10074
5593
236
1238
1089
20977
1579
17341
3469
34085
12673
2109
1969
28221
916
1259
21437
630
704
594
6920
11829
3131
10152
23227
144
111
30901
31051
18619
1108
9260
92
1017
33082
2597
950
2462
32696
3318
10536
20047
15613
315
9834
915
1311
16518
487
24695
5521
957
26023
11235
1722
9065
1084
28617
11209
30711
920
28249
2979
10308
888
1060
595
2150
5713
30187
31439
18841
20187
709
3031
381
22225
97
1670
12015
597
12695
31790
2743
16201
21729
10336
3403
12079
11663
17739
1751
461
1094
14189
4646
28789
1255
1429
8038
12419
1520
156
2564
12471
28423
17959
1028
7465
24459
10444
31665
14941
11375
3090
30365
6324
1511
1905
19841
770
21033
12143
1581
2563
633
894
4033
31560
1293
18343
820
3146
209
15195
6864
19099
1657
15313
1967
125
33091
1902
7598
32360
17259
9690
7248
14893
298
32551
1783
186
2385
273
14811
20365
28957
4765
5653
424
645
5177
556
1425
16866
24701
6305
9563
12069
11021
17513
1517
975
7580
1572
565
864
1998
3802
6794
30363
7785
1430
21695
15109
8768
1164
15605
9938
3044
31952
1494
942
1799
3738
22539
165
519
148
1555
2680
109
31389
22189
2559
24175
2989
19653
20903
2367
31722
10999
22847
175
21677
10278
3604
11751
1904
2751
4810
5165
4618
261
17409
3054
10491
31846
561
3493
334
1810
3549
1750
10073
2322
5734
724
6918
439
830
1881
31680
4023
10302
1721
2020
10178
3505
1168
24629
1092
10794
23311
17725
1343
665
31483
1465
62
8740
10197
10460
31621
1062
750
26085
8101
23369
1256
7669
6586
551
19365
15867
1286
26351
1894
990
13263
2132
13183
18413
4705
2185
13283
28979
16614
18001
4662
358
2596
24823
3625
1462
360
1013
31338
474
25649
538
363
234
22123
1147
2756
28387
28911
7062
1218
4151
10191
1744
396
3323
11859
4134
16512
31973
3923
6979
998
842
1725
959
2174
18745
4334
3421
9988
1253
9201
420
32380
10470
219
4198
2124
10531
10090
1400
23269
15291
1637
3653
2693
8368
1241
736
13203
1000
10258
1922
12505
1088
176
1847
28299
15729
6709
2015
33338
1813
30056
7705
1493
6165
2684
2507
9598
2745
368
5306
1556
2701
5784
4037
142
6098
5308
917
106
8634
104
1710
201
4713
22265
7782
23151
4066
438
398
4473
4039
29085
1498
9723
5719
29589
621
2894
1890
5529
1178
1414
10500
3616
284
5723
9441
12665
746
7303
17651
2071
8394
1230
6380
12685
16123
2530
3649
9333
31096
306
15201
1699
2043
884
9737
15883
536
8062
1016
1410
23121
4082
14073
415
15633
4080
26213
3153
30549
682
239
1845
2162
16680
9396
7730
1278
1512
6948
962
28069
30806
2372
3912
1965
5040
15609
1968
2017
5485
10479
5307
6115
404
10928
8241
564
28677
2594
2074
208
5256
1087
2216
1198
26165
2706
10378
28055
3918
14123
15411
15963
413
1918
3231
951
4318
14827
2012
15951
1303
10945
88
11135
2827
21635
1701
24997
497
18499
33080
2201
2126
30547
5333
9014
16774
2942
4075
1633
17919
17345
756
212
8986
1029
6937
9760
4786
348
21415
2349
2138
2205
4879
21419
31736
485
32668
1215
21195
2869
20449
1327
3972
2142
2604
8063
1838
21521
21513
534
10196
8577
8440
23225
6064
558
10643
27969
29
845
4010
1301
361
12281
909
603
22831
624
4772
6932
6152
5658
1815
3227
8449
593
1007
428
247
12429
2042
33046
11813
7468
4443
178
2832
2704
31368
13429
11161
9786
19029
3080
331
1387
860
1690
14117
1107
1533
13055
2562
2897
12255
3407
636
29163
32093
18639
3174
13115
19111
7375
4811
3389
5194
2873
305
1645
8995
2800
5080
77
649
5845
82
509
9911
17277
30919
9611
49
28683
17637
4760
2031
19123
31174
8487
667
5266
3605
7270
1856
33569
2168
7645
6399
1931
28285
300
24699
24835
30740
490
13587
16317
1485
14049
2400
15133
788
970
6692
1501
1101
2284
910
6548
3102
731
3627
16395
1018
893
1484
31737
5163
3965
705
816
15125
445
3004
31229
3711
2436
9924
455
30895
718
6628
23459
1543
31370
11837
10216
2543
10507
2490
1216
5494
1681
1682
1732
27663
1760
1194
2283
471
23317
2884
113
1439
10766
14951
31851
2292
8918
31245
20473
886
34240
21067
489
31173
15911
9136
162
6945
661
191
31741
24469
3618
14373
23301
9355
31848
12375
17269
5045
16636
4763
12875
30230
1209
6919
4985
32188
426
429
2978
2579
1098
23341
17681
294
5774
8792
9741
21899
30014
815
5656
21267
24011
13859
31430
390
4312
9745
7805
1924
22759
822
2592
17879
2158
610
566
14935
31757
844
24727
891
1477
7044
1069
18617
19759
33247
1347
1792
5597
589
27825
130
18097
10924
406
291
6795
504
33028
1440
366
2072
10465
29583
13629
6172
5072
3506
15847
1379
4874
2789
2315
31564
668
31804
868
4487
6574
6624
892
2688
30437
1935
1290
30585
9587
74
335
21241
16099
2449
1762
19633
17115
3550
151
3710
8068
24451
584
1492
6986
22689
31561
1358
2183
6467
4467
21541
3105
1044
1257
4502
4189
30413
1359
1663
1474
26443
5216
4454
615
686
1769
5996
4362
29101
2766
4205
501
10297
24919
1944
1206
3726
5029
10884
3446
29974
632
1366
2047
3981
10716
12679
33558
32483
5675
4358
14407
1243
8171
388
1588
30127
1874
9934
9056
33524
8410
16033
23551
131
18045
6867
23363
1008
817
6291
27967
1444
16287
3667
3303
10109
16868
1994
932
17273
2217
418
2155
230
9213
1386
15537
31091
9032
31683
1010
6016
5330
3219
31227
32215
6368
6275
25161
9389
1639
4406
28391
1936
16890
10477
10350
16692
516
1106
715
25313
17020
612
16239
2866
19209
302
32595
1285
107
32023
1174
6344
613
2293
1679
2413
4596
2603
1789
19023
21119
161
13201
311
18231
2411
152
622
5347
20039
850
7334
988
2340
31630
7471
86
12001
4138
441
16405
6885
20907
6505
688
780
3456
4491
7768
9693
526
4798
14835
7108
5116
2151
10815
1415
3962
1441
3948
8078
6984
1704
555
1658
10804
2110
3015
1353
30947
4195
19101
27503
1647
883
2305
1280
933
1360
9510
29325
2746
21473
30885
194
18411
17791
1189
879
1006
12815
25271
1597
694
1402
31540
31251
3615
992
9751
2520
3250
8728
1668
16694
761
1958
10257
25861
995
23439
173
3670
3297
6591
3820
22693
2035
1296
5316
31056
7016
17887
1031
17655
5351
29027
31771
32268
7654
25907
2432
666
1761
15731
1468
24855
127
286
4342
31098
7322
10357
8668
1641
960
6792
25867
1980
5501
20543
15005
16982
8302
21407
2584
1270
2166
28625
734
2359
8624
2523
20555
22839
2452
33075
21845
2294
2960
3265
14479
28155
1014
7027
15927
33221
10519
1217
3016
28247
2013
4549
2391
4091
17961
25011
33024
3837
12921
4353
3931
982
23587
204
1048
2021
7875
2775
31156
2944
6553
10187
1830
13349
31397
1822
13377
466
1427
289
32313
11483
31980
3040
1878
4166
3485
4021
14889
30415
2471
23133
4053
29083
5717
1570
3750
10431
6129
11019
20909
573
347
32301
21039
7367
1524
22777
1804
12503
25099
9204
29893
5041
4069
8426
5262
1898
1105
1181
1982
4127
3061
14093
13863
23427
1424
1024
21339
13833
32681
9774
2390
2943
7728
253
32953
6959
21435
16169
872
10249
1654
5310
9761
31608
31452
1964
5402
8560
8211
2842
1352
10351
1470
3619
17491
25517
6182
27417
20359
24543
8115
13281
5710
279
21569
3537
10260
5876
19291
15359
14347
9798
33032
1367
689
364
9442
10015
7902
23037
21497
29787
9063
8331
391
5462
9023
14515
1609
1349
184
3977
6714
2265
11635
159
28013
1573
5751
2213
2782
2290
6117
19951
14817
2237
2981
1302
3010
3427
6980
3595
1380
5832
2808
337
4794
30309
12637
7774
13117
2725
1729
10886
5688
2590
233
1703
1416
21821
19859
7474
30533
1382
9721
10916
1435
10764
2105
2841
545
6607
14853
3324
4657
17677
266
1205
6330
14617
2157
217
30381
30375
12029
8310
6686
1408
6443
10547
19799
25285
3089
28713
29941
10948
31490
2195
10740
7762
2409
1001
22661
12021
14693
23249
23299
5228
515
1859
2623
12979
5984
9547
31764
2580
1202
32245
9618
9999
6973
2016
24211
11185
560
1090
200
1478
14753
287
6999
4304
1373
24531
30583
3392
1182
2531
32574
2705
1630
20931
2744
691
447
13757
28531
344
6748
20649
2313
2500
32664
1785
4232
811
32309
2396
6385
29976
2892
2145
836
12053
10950
1273
383
1057
769
9782
878
28859
4890
5097
890
9308
2317
652
21679
20033
30382
2515
1793
7053
32190
4199
2136
21335
9353
5998
17157
9335
1128
1436
5967
20479
2601
6749
869
10585
12929
11793
831
14645
20655
1591
5324
1332
1214
1235
19133
2229
11595
1443
6939
2484
1906
21879
3280
377
31780
9107
1049
293
1992
10361
17585
21097
4320
31498
1557
32915
2170
20723
14735
5369
2153
2027
9322
3473
781
10917
1095
6844
1514
3668
22695
11467
2946
3349
425
27441
10545
1746
1245
6694
1177
5197
6112
25015
13239
31324
30385
3419
1578
3220
755
19845
32039
3226
20673
23441
2220
2852
3429
19115
2099
8187
1456
9963
6992
27911
3085
1324
812
10862
2539
1684
2574
3248
15845
6169
1019
17699
352
20391
1401
2468
8110
26057
2122
3656
33421
11033
2569
1718
5622
8985
20267
961
13145
5424
5005
1496
9241
5684
2218
3853
484
1920
2546
3406
12123
964
12907
9750
1825
8362
10325
21809
10590
25805
11069
1728
609
1110
30137
25241
1952
31070
2329
13669
2269
792
5053
11715
2225
3063
2928
31280
6800
9000
2736
1196
1736
2332
1985
2009
1634
2354
25345
2803
1055
1979
1797
1145
13019
1109
840
15439
30514
673
2264
4136
1102
3033
6425
3761
1747
776
7540
1153
3268
1974
1907
11853
3329
1885
3821
5168
671
8475
327
115
5155
10483
12119
21439
22433
2547
17249
1025
8961
33512
28851
13971
2618
5014
2544
14237
2576
32153
1393
2319
23399
2780
32947
2286
32606
15989
30251
1100
4792
20035
4158
6220
7174
2394
3275
15651
3138
1348
2423
1059
588
4469
2485
623
386
1538
28593
4038
2303
1277
17693
2953
23237
2917
1773
12579
10153
6462
3479
1314
1272
1148
30952
206
118
1972
1170
9159
5208
24029
20155
655
800
1995
8230
1635
1381
31139
324
23831
23433
6194
4399
749
2417
2196
4095
1835
26159
1021
1288
2648
7583
30100
1085
30948
6877
21201
105
2355
2512
4266
3014
32415
6226
2281
28201
1056
11917
1411
229
976
9875
22359
2982
295
2106
17551
13855
823
15219
4114
11001
14751
3538
767
1910
3286
22745
16608
27727
20667
1370
259
15959
33241
30524
21001
10016
10731
1707
2070
22113
4389
15199
13373
8666
16678
1577
31196
30344
23877
2828
12067
5455
1418
14277
1921
3385
6878
262
2038
9544
5493
4664
1344
18653
2881
1437
1640
10851
7882
21755
11763
1932
31318
24973
2822
3137
7083
9754
10177
1596
17705
20971
12239
27411
31221
6024
1925
2891
9895
600
7004
32802
26019
3335
1137
4475
782
16642
15409
2014
4363
12449
8599
1864
2762
15489
4586
30745
1489
2119
3840
5935
6666
4685
31845
116
21069
1946
1459
29755
1553
1020
10334
110
19447
11357
7305
2171
544
8348
7668
1620
21421
7740
23703
2289
30705
9732
31867
6946
258
23987
3873
28479
711
31633
733
23985
31645
2699
2438
13261
3202
29575
28215
15925
15611
10720
21059
1426
2118
15785
797
1749
620
8908
2724
2048
20377
3109
1705
1171
2813
1977
13215
29511
4946
5348
9202
28881
2875
2681
23933
27947
1011
15325
5565
495
2249
3254
3322
25755
1627
16363
2816
17267
33274
9040
1916
1521
4714
8491
3762
2169
22429
32620
10933
2848
32553
3053
27539
2335
15097
2719
25567
17351
1527
608
31298
1384
1516
9539
2811
456
16319
1375
30376
2505
354
3954
3603
17949
1345
1297
14583
3898
345
3447
12065
6581
783
28311
13799
2610
3836
1694
660
1144
6609
14267
8756
9744
5854
1388
4692
2368
31149
2077
5891
2108
8
21703
11531
27857
6234
3577
75
6587
6555
31113
19261
9970
56
2950
4718
2532
3430
1928
503
24641
1339
31610
1058
3484
16928
6422
2204
19193
1733
5505
3101
24987
13767
308
3515
32174
979
33142
22733
31994
319
15043
12117
958
2829
13405
1978
2955
646
518
12957
1897
3941
771
378
27613
3235
8317
6346
6513
31865
4375
626
921
876
32365
1821
28283
562
1919
4715
3679
2548
1127
5022
24471
5032
1688
11441
17419
1149
12361
13379
9785
1135
8098
10513
33037
3287
28929
1599
2121
927
9806
2407
12585
3531
5427
434
17573
32228
7103
4939
1161
2695
1328
2357
15649
1771
7549
3886
278
6336
1476
9581
17395
3401
973
1151
10845
925
8894
8079
31109
7261
16610
8705
7582
11769
27793
3834
5085
24371
16335
2838
1911
8507
8145
824
26359
2098
3488
1587
4761
2147
18429
2037
3000
25045
1233
5251
17357
19945
7396
5819
838
5652
7279
23115
29035
21829
3908
20743
5566
15535
1283
11507
10189
10659
8294
3449
2373
5484
4061
1448
8057
10504
1481
28853
2120
1042
296
5504
7430
577
8235
2698
380
952
598
3059
24967
422
1041
10807
2063
1141
83
3454
20913
6189
7463
23247
11349
32122
1624
4025
614
18953
231
16199
15431
13595
290
1234
25437
20221
1509
1702
13169
1882
24713
13253
4178
15719
28207
15735
7897
1450
163
1490
511
10765
11321
25365
3939
1768
24127
629
1664
1734
365
25303
15093
821
3475
12823
1246
3613
15077
3568
6281
203
3952
1409
2360
31326
11827
3051
14627
11465
1211
29707
2231
10330
16273
505
2488
28861
25943
2193
17679
3213
1453
1200
1655
117
6379
1800
1623
2117
30379
2913
20843
23849
2262
21781
23739
1165
7333
1628
3125
2140
4024
13245
359
3274
17717
32422
18693
766
5895
3854
11237
29830
1036
5715
3039
10501
1438
814
2215
1706
6736
8518
2202
14543
31762
8651
3069
1650
520
5492
9731
2211
2571
1561
6590
6883
2298
1930
22763
4823
13559
31578
1190
956
4851
3816
1279
1455
2441
6465
33254
9930
9288
4703
12133
446
23787
2907
730
10801
3056
14145
23293
1130
5332
23701
4067
1685
1582
1560
2575
2267
20815
32366
3008
3035
24821
15045
16936
3088
27879
25877
31050
1160
214
1626
2000
31491
25647
33222
141
25859
19213
3859
2911
571
29860
4369
1923
10923
1480
29876
1220
2578
6209
3889
10842
9124
28519
12101
95
1180
15895
599
11099
17537
32906
1097
1037
3256
33372
7411
3501
4774
10392
4943
2558
4200
580
926
21373
8208
4388
17849
2227
29017
14659
23023
10859
7712
11745
1096
9312
1251
606
20969
3203
3312
1357
3222
19575
10419
5849
25719
3288
10779
1912
4391
12137
1022
31521
32011
4421
9608
30196
25939
4209
3157
31128
1080
2729
32175
12059
31417
7029
1247
1207
525
17080
2018
2867
10301
2572
34283
5760
1779
3875
2582
2682
619
17371
5576
7366
22507
865
10838
2511
3805
28587
3507
4350
1780
5859
14957
18599
1989
22735
7295
22819
1252
2988
2896
5904
2141
2831
21835
5733
23487
14661
13119
4742
977
2793
2802
5945
1850
2851
1959
2437
8337
3882
5674
5397
3999
1770
4600
29821
1224
2176
2004
1757
4712
6985
29998
9778
1999
2325
1103
24169
1086
653
971
808
2617
31918
7025
12677
2250
4164
24743
5584
1600
4044
1064
24171
5624
557
1896
1903
25883
6743
2825
10098
32467
2947
683
1832
828
1861
4057
2253
10920
18419
9629
8132
5466
7775
1391
30746
611
2454
2431
2480
8133
30702
1608
10516
3527
748
2858
1678
32943
21427
3560
31519
10122
24377
605
23725
17819
179
9205
2300
28961
6892
6958
10694
944
9254
9506
18205
3636
4298
28447
1266
16211
3545
7254
89
5132
3107
1221
30850
1631
32601
32697
6511
3771
1231
20877
10532
6437
15769
216
8648
11583
1248
17743
10799
6032
3194
1295
3583
458
8363
10338
679
30721
4508
3569
9545
1837
23405
3706
11809
1942
3326
757
31890
1368
30641
10319
328
2728
7579
22137
6038
2011
695
12433
307
1929
4698
11705
1756
6355
6527
1475
848
6286
2350
11255
1855
1865
2288
4078
183
19251
5158
2179
5539
11469
23777
2189
10108
28431
2655
2341
2410
22117
7113
3060
367
25999
12055
10802
9119
7377
3474
23931
31144
3535
28537
625
21073
6231
4420
31101
5464
30845
6299
473
10679
7081
15591
4213
1351
5289
6096
7744
3271
2482
1504
1583
8297
27815
993
1032
2498
2200
15617
11543
2526
5833
32084
3371
3635
1236
2143
23499
7176
6667
17963
4476
9846
11755
602
1261
3991
13309
1841
1341
10219
31598
33205
3258
13785
27509
10770
7031
21235
14995
2191
1112
19051
32171
3223
5082
3641
30714
14173
16718
2535
340
3907
1184
6546
20355
4034
11239
29515
1795
3438
31105
28607
11773
11009
19613
3744
20557
3074
20987
22049
26449
4908
23835
8966
20995
16574
2255
3428
3911
1232
7904
6198
3452
33201
11699
9968
18099
3764
2487
31440
2408
12057
5036
3674
29223
10232
29829
1676
4187
5918
4364
3888
2931
2304
22231
2383
1857
7550
1428
25259
6616
32323
8339
706
12437
1267
32869
2885
15061
15505
2734
103
11841
3896
5296
3390
6337
722
7041
4690
3953
4378
2870
2188
1949
4240
3564
7230
8609
4773
2252
271
8359
7423
1371
3384
15307
7862
4083
3019
20959
3081
6641
14991
3787
26183
2458
10306
2757
32950
6297
1356
1846
7106
10832
22607
30826
1442
4590
19889
9773
22295
7014
938
752
2717
15841
8939
1183
2779
9375
30600
3525
11997
11341
4027
7066
3140
2525
14127
693
8701
6726
2324
6695
11073
2534
3095
9327
18031
7591
17951
15711
2760
2465
9824
21469
14183
2819
2524
10935
5070
25257
10280
3835
7786
21861
32547
23359
9005
1473
5147
1632
33021
30829
5583
23361
18587
2364
18589
17635
5549
2378
2430
32954
3576
31989
3600
3388
4562
2419
23991
3278
4558
1742
2677
28105
2459
1317
2784
5311
1802
3070
370
2606
2272
4147
8039
1515
30237
5496
2561
12221
2451
795
18881
13057
10936
4086
4113
1053
13843
7969
25875
7504
19631
1331
316
30567
4494
2864
30499
27387
11855
13173
32993
5016
2331
3745
1071
19431
13619
1457
3027
22335
4663
1312
2549
2023
17113
4360
5225
15389
5031
8231
648
28047
11457
2291
12995
1208
5164
6090
28085
498
2754
6690
1503
5762
12343
5025
10528
5056
2370
2903
3276
2435
3723
4208
23059
1372
14647
20849
21597
9035
475
19645
14685
5226
22039
2686
2445
3620
10949
15783
2285
1643
1431
12455
4555
5763
1099
5959
2709
708
2113
1510
3378
5785
8635
19231
14317
1636
3561
9318
21607
9390
2536
1413
5725
23067
1026
30614
28669
4387
3633
25689
13731
10668
4210
3556
26101
13221
21031
9861
29855
2837
3048
3829
2405
21649
20889
5403
2611
9893
4444
25667
2062
32740
1392
2967
2152
5027
2387
991
5199
6496
3807
2240
2415
1585
5469
2727
1150
33074
30464
3422
32376
647
2256
16233
1834
10384
13259
13141
10573
1265
1466
16508
9290
30679
13931
31448
10683
2753
3559
12279
2521
30324
1966
924
2474
8249
999
1403
5129
9865
5270
9340
2146
4385
16415
1333
3642
2713
7152
676
4162
18449
4540
18829
9907
17843
2997
13231
2929
6566
5153
1666
3922
4460
2469
2475
8369
15979
3093
2872
17127
13835
23871
30790
1868
33119
3847
15843
10405
2620
9523
3660
2230
5200
6953
3534
15839
2010
1853
2716
7759
10424
4962
2551
2447
16331
2653
8278
5968
5259
8713
6276
22377
1659
3998
1152
3007
978
6567
11679
1988
12191
7561
2550
8206
244
12917
5019
2309
22901
21587
7718
827
6838
2527
16656
3272
4531
4463
22013
3685
7265
7266
11065
17955
2665
1188
2517
604
28991
14077
1115
17871
2059
4608
2450
2915
5569
11487
7060
14993
1767
5075
8287
10689
31756
25635
2973
1854
30292
2402
2066
30160
3193
2518
12145
3147
3913
3067
581
2577
19255
3976
3883
2097
1584
374
5250
1070
30757
29831
8367
27909
373
7956
10703
1867
9591
1009
3058
22699
12997
3043
4154
8709
10375
3963
29995
25923
16381
5613
15279
3460
3964
919
4756
12689
16347
5383
29413
24763
6130
6769
10050
4541
10390
23305
2090
30912
5602
8360
22069
23627
2554
5212
31426
3302
1677
6041
3099
2513
21009
20951
13251
11911
1831
12865
1550
10562
1774
2495
11799
25055
18771
31675
4119
24417
11787
19581
2522
29129
2389
2427
33491
20589
1075
3630
21523
13837
2333
8782
2440
1421
18149
11867
9718
23083
7144
1126
3900
1941
7651
3874
1833
30813
2087
29861
1166
25375
9088
684
6809
4458
1791
2941
654
13175
2470
32160
6604
10180
2079
1786
27887
4923
6947
3336
27603
2619
1346
32454
9393
1879
5203
9566
1993
13375
27927
6328
20965
19857
25439
3772
3381
4934
6518
3292
994
3950
2540
423
1671
8358
3478
8655
8022
1895
2353
6438
2871
12447
2065
10905
5983
6554
15781
8837
2206
28053
2722
2429
11869
3895
810
4688
23179
2799
692
18755
1528
30311
7475
23697
20871
6418
9996
2616
3211
7972
6227
1558
1300
31549
28049
3435
3490
10628
2958
19165
10391
27939
30859
930
4566
5304
9600
7456
2921
1753
6964
13137
3581
7268
10629
4070
1423
5890
2630
3079
799
6833
5084
1434
33902
2486
1185
2084
8134
9232
30870
21349
2538
3929
1316
1820
12881
2585
983
2707
362
5651
5322
32863
1695
399
4004
3992
1451
2307
1755
1389
13517
791
1661
30709
1244
7026
19521
171
3680
12411
3399
2455
10263
2598
23043
10458
3034
8909
13675
2788
6153
2453
2998
349
25117
16576
16436
4536
29513
2100
28313
6008
10691
30988
4827
965
30028
22583
13937
7619
980
3113
1186
3411
13311
1651
1228
4260
23099
1162
2868
5802
6402
22815
2393
2467
10796
17747
3684
7453
911
1116
10775
25897
27785
1660
4173
1638
2287
3024
31331
5994
2414
4513
1350
16638
18781
2761
23719
1027
1621
31927
2226
2392
10695
3377
9549
2114
6311
3417
7597
24591
3448
1752
5051
13255
5883
32409
1537
4176
1534
2622
943
2883
533
4054
1908
3511
29756
1803
7581
1811
3743
6582
28765
9528
3305
3196
2529
1926
1404
9716
4386
342
1540
4607
29301
3026
10810
11691
9127
3681
1849
1407
4278
30243
8653
33341
3104
4060
2316
2658
1271
22435
2573
9385
2748
2479
25341
6217
3442
17917
31827
5848
9839
33004
3826
496
31995
1227
32566
282
13993
12863
6261
3356
3579
1613
10958
10581
1711
9904
32267
2497
23741
5133
19925
21013
1081
5386
6823
5315
32959
18525
21751
2557
773
2726
2696
1420
23047
2352
8364
7117
3402
5743
3793
13217
1955
10553
3308
3810
1299
839
19947
9972
2301
14359
17813
28179
1460
1136
12499
1806
19287
13427
12851
8423
3914
3846
22543
24637
2715
3218
2461
21599
30250
3481
11795
29943
5953
21575
2058
765
10527
1782
24347
1508
2991
7691
2607
1900
4071
1203
6727
11717
1076
5043
16189
8245
2483
2983
4416
3827
3380
3921
33103
5399
2125
887
1169
9045
1901
5290
15159
10421
4567
3551
28591
25495
2553
13983
10743
3758
16059
3849
1777
4511
10286
1275
2817
1129
3115
2609
33394
30039
1268
112
7708
24273
25431
31670
29822
28227
2224
1781
16648
5814
31592
6000
2416
20505
3512
9667
15541
17811
2692
2068
2342
30739
23837
4493
4365
3763
7770
27629
2948
33360
3350
1743
6930
2583
25461
9098
5929
2223
1580
32468
2076
1848
27907
15453
2057
2542
4124
21853
12135
1693
31530
12373
2102
8652
13513
11067
1893
24909
2377
2591
31189
18825
4183
4099
5291
10406
18655
1204
6219
28761
3461
6509
1298
28205
3580
17867
18959
31687
4639
11521
9434
33056
18085
6685
2258
215
2351
3192
2660
1548
33242
31168
2338
6657
1340
929
301
30953
23033
1909
7030
1843
29165
2078
2588
32608
2999
2703
24453
22479
16726
2862
3398
2019
2621
6531
2044
3582
28093
1737
33934
2567
2384
1973
9311
1385
2279
1625
4848
19271
3665
1683
6251
31797
1158
2990
7808
4050
20671
2545
18795
32730
19727
2721
13287
29975
16472
10979
10488
14379
23423
2091
6245
3571
5017
681
30825
12727
6293
6327
16101
12867
725
1662
4936
2222
14629
21479
31118
2836
28657
31310
5440
3915
4150
1325
2337
1479
3910
1938
3565
32343
5321
8292
1759
3136
28779
4731
8215
33606
18087
13143
5813
1927
2770
30771
31115
3919
2786
16442
12157
3022
9409
3273
2007
4484
17957
1113
2051
10693
21641
2859
30537
18029
2069
13673
24849
3936
6856
3369
6312
2199
4645
2651
3486
2730
2221
2612
2506
13223
6558
17293
582
19067
1491
17233
3707
17985
6199
12225
31763
3597
30543
13969
11835
23367
4439
1763
3832
2460
8248
2261
19219
5834
10048
2671
9706
10005
2036
13325
31738
32287
4515
28841
2277
32801
2910
10821
3801
23425
12131
12035
22419
5877
5096
28057
10324
5054
30128
4638
3082
1880
17965
7953
4689
3075
24357
2061
1986
1991
6148
2516
18723
3111
3112
3245
14657
18695
4398
3383
5844
7363
5629
28913
32961
4411
309
7496
9979
1873
23711
10471
913
8754
7273
3396
8987
2095
2657
3599
10534
2275
6891
30651
8800
31518
27619
19469
12599
8250
6094
2266
18033
16646
3483
16644
3683
31133
9328
17745
1754
1644
1839
21925
4486
402
29323
10690
2826
9264
2318
24327
1390
6988
1035
3539
3845
19977
2830
2343
6468
4371
2840
3509
2444
31231
4966
2434
2133
2673
1529
9868
4584
30869
2473
29809
2733
714
9287
8042
1497
1776
20945
5411
9121
3367
2022
4339
4451
15993
2276
6397
5136
2874
2172
33741
7510
9881
2920
2219
5421
6903
2824
12725
2033
2344
4496
4653
3325
1884
28915
6741
211
21867
5401
3686
30168
31064
9435
3285
3277
16159
3940
6779
1652
29766
6310
1176
2053
5612
33129
22215
9935
9568
6068
28959
2209
33798
2668
15177
28439
13247
15095
2064
607
220
2234
5865
4800
2755
1866
4492
3624
8141
3747
10823
2327
7178
10036
32005
2662
1541
2776
20141
8840
24935
18831
1891
8373
4929
7336
29865
2555
11523
2489
22455
2395
19629
5372
2278
14563
22099
29868
12803
12659
10043
4068
2299
506
5889
6689
21393
3720
1899
852
10457
30364
33113
3120
3754
31454
3858
1975
7877
30438
6691
8646
11505
6861
2306
25873
3239
8710
9487
7551
2556
8361
15423
3728
4103
21775
18823
16604
3309
21571
8365
3037
3130
12955
1823
5938
17815
32946
2446
3472
15577
1794
10106
6235
30531
6535
10710
16187
12709
2654
2207
3752
7308
5755
5589
31387
3518
29765
1812
1159
2815
10201
20329
2456
13927
3811
10554
2987
29255
1068
6460
13839
9849
5265
7571
6797
1872
6622
27741
3171
7307
2957
3135
17251
3129
31300
1611
30358
6069
2280
16738
4003
1819
23213
3995
3543
2804
23477
16786
4842
332
13029
1766
21041
1712
13185
5828
12623
31403
2257
5209
2797
1788
29437
21495
2661
4149
10751
3692
16474
7112
6672
8950
786
1984
1495
4730
3842
1175
16606
1595
28517
31165
15347
3078
10723
19999
2974
4876
9548
10849
2980
11268
4379
5090
744
3295
34325
6654
3902
6331
3072
23519
11777
3306
10101
7530
6635
3818
8289
8366
3526
2702
832
10592
4961
3602
12963
2439
616
23753
3587
19103
16620
912
3824
24271
7723
31102
5263
