971
251
778
871
257
1019
341
389
940
300
323
157
394
726
824
51
761
307
905
757
999
90
1
147
217
478
19
549
100
619
709
537
490
211
243
739
49
634
631
654
318
99
959
308
847
1001
85
117
662
350
878
737
1000
143
481
202
406
417
325
754
812
286
808
727
680
165
18
363
822
158
126
595
214
679
262
38
668
187
420
984
736
978
285
465
462
152
884
667
486
714
236
1013
577
777
666
929
897
620
791
392
575
772
441
968
657
291
846
87
477
838
898
554
73
195
781
951
317
900
166
501
324
1008
82
677
695
742
950
328
647
58
193
579
935
942
747
895
655
580
850
278
229
153
268
52
163
80
247
22
811
1003
373
567
97
94
377
204
1011
519
59
197
276
692
371
555
172
744
366
825
311
283
915
332
773
43
891
242
628
78
618
109
45
83
979
265
177
908
687
212
868
248
927
831
459
271
685
949
678
590
892
790
945
611
729
702
79
588
717
975
208
489
309
423
302
952
448
1002
399
312
614
837
461
219
553
220
641
397
854
913
63
40
77
982
885
352
125
65
597
967
735
818
7
840
17
771
292
665
8
380
146
794
1017
473
769
893
547
848
859
1016
630
879
159
343
151
414
444
437
29
189
829
813
16
748
249
139
990
230
89
128
123
806
483
605
471
413
474
591
342
32
612
861
192
914
916
566
738
722
290
176
156
449
13
250
60
902
98
198
583
344
865
688
400
179
224
749
196
34
333
429
464
14
704
277
71
623
633
233
264
969
10
244
529
447
889
369
0
154
421
873
1014
435
522
734
162
686
66
39
624
25
851
191
222
797
956
707
498
24
148
105
724
408
316
378
569
745
758
384
155
995
963
416
515
390
629
88
33
928
601
241
542
379
535
551
468
20
763
883
600
536
428
141
930
213
134
582
387
326
524
284
426
649
121
102
23
385
201
115
15
479
849
101
279
226
281
280
755
531
691
805
920
64
539
506
298
638
534
653
294
919
530
393
347
909
509
4
782
852
266
733
586
402
267
795
210
337
584
972
405
44
855
137
546
923
682
593
690
514
150
965
111
924
491
925
651
834
637
858
164
339
559
901
37
167
819
760
723
336
768
817
305
55
466
640
598
703
272
505
303
443
455
240
415
296
439
30
697
320
310
520
673
998
452
581
72
431
122
589
608
658
458
50
391
585
365
527
564
645
705
770
70
700
5
6
432
206
776
313
238
440
787
225
96
648
862
119
954
663
372
996
874
844
573
594
62
295
252
27
810
992
784
576
708
504
1012
974
288
218
814
609
740
270
632
289
131
1018
228
793
216
617
497
746
626
890
239
254
329
599
47
513
693
410
245
205
91
401
433
856
827
145
354
823
792
800
652
545
627
255
961
31
190
348
699
625
802
95
815
494
603
997
253
543
315
61
798
355
36
322
937
194
880
351
863
565
572
75
983
991
175
743
689
485
912
835
881
199
185
161
234
35
237
487
563
642
453
977
48
857
493
108
142
960
331
946
872
26
68
751
602
463
540
887
67
606
263
207
314
538
299
869
988
877
753
93
396
523
964
832
544
904
56
357
541
42
762
1005
766
570
788
839
359
484
424
696
287
560
828
981
775
209
334
221
799
507
12
306
304
987
636
556
258
246
674
821
368
180
899
160
472
510
672
2
412
508
110
186
136
469
1004
644
958
450
670
910
948
845
367
301
382
182
1007
1010
456
518
135
353
418
113
41
120
419
661
124
596
370
906
203
888
118
804
826
188
683
764
168
803
231
604
174
183
533
756
876
701
516
801
445
338
460
395
54
938
552
442
475
297
532
587
767
259
650
962
774
215
116
104
112
842
330
107
376
92
470
438
362
936
621
809
346
836
409
454
807
562
833
381
375
720
896
457
669
171
903
957
256
235
434
681
866
939
132
525
293
500
502
57
933
360
451
1015
528
953
882
517
843
867
574
780
430
659
84
269
765
752
495
86
482
860
374
728
149
526
275
260
718
926
932
976
947
970
986
173
261
496
488
223
985
676
820
319
130
610
715
684
875
21
512
114
643
127
129
561
568
358
918
403
321
712
232
404
783
613
907
170
138
710
340
178
69
934
716
81
779
785
980
660
592
467
750
993
725
639
664
181
1006
578
994
886
28
635
133
492
227
607
741
922
427
521
721
3
943
345
356
274
349
955
615
398
864
446
76
671
966
422
796
282
816
841
698
103
713
730
694
557
646
327
361
759
853
386
548
184
870
616
675
732
719
558
436
273
46
931
911
656
622
973
571
711
706
917
53
140
144
1009
11
894
411
425
169
830
407
200
786
106
335
480
503
476
511
74
383
921
388
9
731
550
944
989
941
364
499
789
