7347
71462
2115
1127
2409
2084
121342
2329
36517
3072
1625
440
594
6157
541
5064
1210
1104
2707
2331
1015
3521
3408
589
95
26776
1653
2379
71057
3412
3755
1014
2028
318
6870
8528
2598
110
68791
2858
798
1258
2391
2376
2125
3147
564
99149
380
2617
80463
3948
48783
7438
1093
5679
1968
6323
1639
3160
68319
3548
1240
6863
3503
81591
5481
4993
339
4544
3527
4995
160563
88405
5952
1007
1408
90430
494
34534
187595
529
349
1196
1345
1945
4981
169958
736
165671
551
3307
114935
377
57640
500
1275
2116
5609
63808
7153
118900
34150
39869
3536
111759
940
40629
4002
117176
3213
1921
2985
382
105
125974
8783
648
2997
31
903
4027
1719
3897
2001
3418
40959
235
223
68205
112183
2396
2058
4734
1816
2424
1527
733
3813
3409
1533
3266
84942
1237
1221
6016
344
457
1085
2485
3175
2774
531
96020
2804
10
2752
1278
2710
47
780
1580
3593
1307
111
337
1265
6213
7618
6534
2571
62434
4006
1017
2640
296
5377
2167
466
4703
2239
86892
2628
3706
5220
1895
784
26471
60040
3253
41566
48780
50068
180985
39183
4976
50
26313
4306
84954
2761
119145
1610
89580
3298
27408
141749
4799
2877
4448
4700
788
1801
52973
91535
1917
1391
5816
3179
904
55820
5548
2324
106487
63082
49284
100579
1084
435
442
5618
897
1303
2717
90600
919
115713
7265
166528
1079
3031
8961
45186
7090
56367
69951
1387
2692
80590
911
3827
2100
30707
1291
153
85510
1244
27193
1234
6187
56775
8361
225
592
6550
182715
4308
778
3763
2959
101112
2090
51084
1682
2968
8494
27266
53996
5464
3267
553
3578
5903
6707
3052
81845
38038
71129
96737
1103
2053
2826
2300
2947
2161
1488
5989
4571
3301
4386
115149
27611
27834
99114
316
2942
1333
4963
4632
7318
1356
2990
3499
4810
3638
61236
1453
1021
1219
4226
7015
1605
2881
6539
1148
4886
161
608
105468
5669
305
59315
367
185
2699
166568
6377
593
64969
317
5378
160
1836
1186
86
54001
87232
49274
2384
4275
6482
2181
1179
4975
95105
480
8928
653
858
1277
328
57669
216
7832
281
343
2713
719
2012
1732
1064
1197
8784
98491
329
4878
68954
2917
2746
94777
2664
7149
60684
3020
1027
3543
2174
1206
3243
86290
933
44840
4654
52328
306
2712
76251
1702
82461
2470
3168
2359
628
26778
3752
59131
4016
2867
1377
5010
26662
7325
5266
224
1584
37386
5316
49932
94780
1446
41573
73042
1573
1253
1996
8340
6893
2735
37729
44665
3753
64614
5218
51091
71910
104
56607
53322
4388
51540
2018
6464
177593
157122
590
355
88785
1835
1209
8943
2683
2340
63992
79008
91658
58559
3421
1047
924
691
441
7373
2338
3791
2490
231
6281
1344
5049
288
3386
2694
417
1378
27368
8641
1701
98243
8371
63072
4900
532
37830
2038
5267
2706
204
1894
56145
1784
64983
4367
916
2792
1036
19
1124
2059
1381
3873
40278
761
6440
852
31658
33615
116797
8970
7445
2762
2163
8042
187593
91630
90374
36537
308
410
5608
1995
2763
1321
2321
14
454
48394
383
2087
1276
106642
4616
1597
3354
111617
5060
37741
101612
134130
1542
1041
27793
1760
71264
5955
130444
54272
661
22
1962
3361
420
293
106072
920
5329
44195
69757
1215
5995
8638
120138
70994
1641
951
1884
4720
3811
849
25
741
8665
900
5899
6564
208
53435
86320
5418
835
7451
1673
62250
30825
107406
944
2987
6709
34528
4327
113186
1722
33794
6373
164
26464
1013
1952
2006
6536
3968
59915
2245
786
6800
6942
88163
7316
97913
91529
4344
6215
71033
253
2427
1380
5283
25833
1680
7361
113378
32587
2986
5151
1358
4085
186
1603
54503
597
1939
147382
85342
1997
1287
152970
1030
1035
83613
356
1266
1288
111800
36
2311
1644
13
3448
8266
2367
267
66371
1733
1049
154358
2956
2641
97304
1464
57243
2871
5401
3501
8464
5072
39
29
810
2377
1350
1845
4262
6183
62
4238
7147
2605
1357
2302
8491
1230
2829
44788
33004
3623
3067
100083
2405
63859
70286
109374
20
122912
1213
55290
4340
341
2141
8529
3114
4011
112138
2918
4246
3034
1620
485
6945
44864
34323
17
78316
3
4973
2011
63062
415
60756
1883
44
26585
2407
3793
2681
5810
102903
159
1556
3896
2655
1208
4816
63433
1101
2795
93272
4496
106002
1090
3087
2791
33815
3494
2146
4128
953
71535
300
1193
482
3534
79
1012
36519
2150
5577
5723
41569
5480
2501
4029
4022
96588
1375
2662
539
828
78209
2482
1252
5470
92643
1371
68157
5152
5319
69
54286
7324
5507
1783
332
330
92391
722
152081
516
3949
3261
6365
1960
1735
5427
1499
57368
3814
112556
2862
73
70
79132
5872
8983
745
95771
4583
16
49220
926
96935
56782
1
6886
3155
1704
6
1608
7254
260
4873
88129
1793
45722
3977
8810
7439
4533
4899
2749
4921
1348
176101
3785
5712
899
27186
364
1367
2716
1969
2194
130634
90647
275
4947
98961
93326
88744
72641
2745
5945
61240
34437
982
1220
53447
42011
1805
1293
6541
101025
8677
141
2243
52435
135133
2948
60950
2922
61024
157
252
122904
968
48883
72998
1270
1848
164909
2096
537
3255
76077
2654
61132
1483
5400
46322
122892
54256
63131
59615
1320
151759
1485
5971
8949
81847
5528
11
4103
5015
6220
348
1457
3751
6290
2021
1201
6872
2851
277
2819
3210
5349
116823
1373
432
1562
2423
1513
3393
33166
587
6294
3447
33660
6166
1203
1274
5500
3525
1407
97
1726
711
6537
1226
3504
150
1200
118198
56174
103339
1517
55830
1954
4015
3745
4161
6873
361
78959
50804
4018
6565
173
2094
7312
4247
3868
2616
8636
4310
2273
80549
2044
32011
2240
21
1099
1207
2794
6332
1073
92259
36509
86911
673
39414
140237
87529
2944
5445
2126
4967
49530
1748
1242
1188
4292
1950
140265
272
27899
140247
54259
3967
27020
145
8360
2369
1396
2580
720
611
2840
2788
327
7099
357
419
102125
4821
555
135569
562
915
1183
671
8873
6807
7982
102686
68358
4160
3035
207
30816
4447
1566
85131
278
6936
1284
282
50872
54785
949
99728
1370
106782
170875
2724
1552
2408
5255
588
2054
84152
2748
1077
508
9008
1690
26409
8622
4446
714
91500
3401
585
168
1111
141688
82852
2912
102445
533
586
6947
44851
4830
122900
3701
2394
4678
2352
140110
353
802
8947
1259
2798
1927
74458
3098
2064
2294
4221
3441
2231
3615
77561
762
1280
5448
59387
247
2822
34072
33679
595
3275
51255
263
2732
1198
6378
1912
79536
1136
48516
2515
1190
56921
7323
3698
95307
3186
69069
96610
8755
3654
1598
1586
48738
25750
2232
805
6055
748
3489
4848
170297
31696
83134
1006
2720
42943
112421
514
98203
2110
166635
345
880
2797
918
3104
4733
3969
1059
67255
59369
6287
103335
1729
189111
1231
3930
6868
6773
1199
1298
142115
27539
2102
6989
74946
98809
4248
52281
1711
172
431
35836
4051
6305
117533
1947
2097
7247
3461
74
27831
31410
2072
2371
6765
2431
5665
33493
8808
2813
43921
79592
1721
4527
368
55276
3259
1029
94070
7
2404
6333
1202
3317
1282
3250
3257
4034
2085
3783
3717
527
122922
2139
2502
27762
3784
4025
3082
5459
2770
3869
32
104076
1617
2046
55052
8985
1285
2142
67734
96110
2539
34048
491
5954
5014
38061
3738
2153
7493
2740
46965
118326
99112
3363
799
6753
2890
104879
1214
8644
991
2606
48520
2533
2880
1247
108188
56941
492
24
3198
3552
8604
1866
33677
3203
2857
81932
4299
1019
55094
196
41571
1204
2600
3007
1614
393
46723
2122
82169
8327
2500
2808
60069
156
4876
4062
2542
84374
4133
2496
519
1431
162578
44555
898
3063
48
43917
2186
6548
203
25927
44191
88810
3632
3101
71520
4110
1061
111113
266
6341
6902
1569
25752
178323
163
90769
169984
111362
139644
58301
122898
750
1273
4020
4572
2951
167036
8957
186587
1267
513
64114
2105
7458
8368
69481
4159
27773
53468
2458
34162
114066
59258
4896
53953
1862
707
1089
3095
2067
2989
32022
1889
3444
65126
3809
63276
438
2671
2872
4475
2051
2378
2291
26564
33162
101577
74750
4887
1891
4359
93838
350
1892
26347
144
7387
6162
4039
6711
509
53000
8362
5039
4033
7569
4638
66511
87869
8011
2687
2080
134853
3479
2993
1218
7376
8981
5103
4865
647
3617
3176
106696
3272
6267
3018
2336
1094
1394
520
3893
7371
1833
170705
4127
3174
174055
2013
1753
2088
1882
1050
479
178111
92475
2468
3871
101864
2262
3181
79702
8861
765
118512
27803
6027
3462
96079
8128
97921
2410
2690
996
2459
3877
53123
5110
2726
256
52
5942
132800
3702
5873
2949
1022
52245
57504
3996
4361
3740
7320
3649
84944
1647
3283
908
1385
3929
31114
1911
2567
4535
4719
2027
5956
4239
1658
1466
37733
7004
2160
7034
2723
8798
2718
26713
43930
2026
1965
69122
79293
2388
3510
86833
46972
1379
3840
137857
4237
3801
62344
5882
471
88272
1211
2078
100714
923
3201
1374
1429
3528
1967
174681
114795
1261
7022
198
31685
2908
4564
2375
71147
2701
609
103235
81834
2677
2413
94864
170597
8879
4146
95167
116724
2460
8807
2236
5878
142488
2629
376
912
147384
31433
47610
7117
176
5782
1028
292
59725
1388
32294
100159
1257
142536
104272
3113
4980
1401
1754
45499
3000
3254
3258
3769
808
535
2289
1931
49272
8526
1060
6283
58047
2498
486
6710
2002
5095
4954
3629
3614
829
7160
5632
58998
58376
78637
191
8132
93840
89
552
5291
89837
969
3690
4958
4130
5970
1909
4019
708
1292
2132
120635
1707
3163
53022
3341
112
54004
3273
35347
3635
3695
34338
39446
1250
3039
44972
813
3019
4378
5417
5544
6785
179511
34
6296
6763
2019
370
70293
1343
6159
4351
3567
246
5438
3545
47099
1411
127202
55908
3417
45720
2275
30793
2034
3550
53125
1037
26614
27618
861
46335
6286
78499
58
2529
922
3327
5502
3196
102123
58425
1770
40815
3535
3450
258
851
1920
5690
3916
4889
455
5013
1033
2014
362
27746
1479
52604
8493
58803
132796
4010
68793
2866
8410
7060
76175
6374
5804
63222
1747
2140
2137
2355
1904
3471
6687
5333
69844
104218
2124
8533
5388
2133
118270
2905
4419
261
159811
111364
616
48082
3744
631
905
141799
94677
2288
4211
2915
5891
6770
4463
97988
46948
74508
149830
26303
1170
6368
8865
2406
4370
4804
27317
95510
162968
45
2248
1185
8916
3555
546
3252
1393
5796
96417
165
1797
112804
85774
33495
141844
1779
64839
122882
171011
5171
637
2249
6188
3173
1923
1959
180
27790
63436
81564
7802
58347
4168
1689
128852
1248
3033
869
6297
60126
44189
1080
30810
2023
5803
5099
23
1590
445
51935
101
4776
4387
27674
93022
4129
4584
2134
2144
1777
36525
4223
627
4132
2937
4270
3105
105653
2387
4322
115680
4397
1042
2395
60074
3679
3468
1302
2916
809
5065
106100
46530
88140
8373
2657
2106
89864
45672
111663
184
2003
49278
4903
117529
118997
3911
250
6429
164179
5747
2099
185135
5585
4979
109487
1296
5299
2941
69306
2454
1676
694
5323
4942
6308
3688
524
88125
2009
7619
46578
79242
7844
4898
81
104875
53974
6405
5957
1310
151501
1233
2135
27820
7156
39400
34520
6300
1246
6436
47044
338
1918
1372
914
44929
2907
271
59022
115617
5222
76093
1953
168456
4558
85022
2925
135518
5791
5650
26870
59333
34523
2109
138036
86835
53972
2793
2642
8977
5944
158
3452
605
44828
1688
143257
90746
4641
1616
52967
2599
135532
3498
5093
55391
90439
1893
3189
99145
77881
1020
2861
6625
34336
315
3742
1295
2290
157108
3477
2360
1194
125
122
3372
2581
528
60072
31116
2005
1591
1441
168366
98230
7930
130520
1938
58295
40819
81562
5454
55442
69406
4736
2403
1120
1624
543
3397
8366
135143
61248
1409
76
3618
52241
175
96448
1876
53140
48774
26242
134783
2255
36529
5443
8848
141544
2996
412
72731
1271
6503
73017
82167
33639
2
1212
6934
4154
3068
909
122924
8937
7058
99846
3687
40583
48385
2346
90866
2332
5449
2633
85414
73023
48877
26444
4473
8012
2818
3952
474
118880
128900
106916
33421
2875
2926
3100
4874
3508
2193
6218
45081
5693
2446
1304
913
128360
80363
71838
446
64957
2643
3703
68135
56587
1589
47937
97306
497
61
5849
333
3424
2700
65230
32031
31367
3959
2154
2000
5420
3476
1663
2076
1172
62374
1432
4054
65088
68073
187541
6125
112175
136864
2020
2946
5636
1460
374
2457
7482
4498
46976
1678
567
87306
110102
139642
2548
66
3844
1125
314
74452
2618
4369
1228
257
248
148709
2436
61323
6810
107141
86142
5992
2092
7143
3639
55995
72378
74545
4482
74450
464
97938
93114
4389
4105
26152
5055
4765
71579
5735
5062
78218
56949
580
3108
910
3917
105246
2108
8972
7381
118888
7139
1956
145839
1734
5363
5361
2081
444
27837
55805
40148
1359
6242
69640
3984
3584
838
26401
5840
1086
3863
2176
136018
105844
1643
351
2953
42738
4677
2264
5678
47640
7084
3994
71466
2722
8869
51662
43871
3985
42002
106920
1299
34334
148626
2432
4846
5574
6280
928
934
782
4844
2728
540
214
31221
1097
6774
2467
3006
171763
86882
55765
92694
2772
53808
122886
6754
2318
105954
80831
71464
30812
4825
41285
276
2202
3481
342
43708
2278
68952
7444
6238
4444
93297
72167
62849
697
2971
117881
2863
94959
7394
1222
3515
91077
414
6484
68659
2010
112818
2335
4207
63113
3766
4679
6012
72011
31553
5047
45447
74095
122896
8645
3274
18
1966
4478
176415
3256
86332
5296
27731
55118
72226
1961
95441
54771
4803
55282
66097
1004
307
103228
1128
619
2060
2505
6249
177285
68486
28
2303
434
4718
1192
2552
88
6927
49688
47200
2353
87485
3708
5646
58806
5812
2816
33725
52722
114180
1459
265
1974
5254
140711
124273
3624
5524
103341
3681
53464
37384
2282
4007
2803
2518
3148
3812
1693
180297
6264
2065
78174
32582
3088
1476
7164
7257
1606
55267
3516
1256
2091
312
85412
112290
760
6874
3726
7561
6884
1189
2719
55232
4158
7150
319
3285
6794
468
1283
596
1914
164881
2560
3265
4946
927
800
2879
37727
3153
87430
5391
2759
1405
2381
112070
64575
3435
6577
54997
558
5023
3733
3117
1687
74795
8713
1269
40966
136020
3115
133867
6617
97225
58025
67695
2117
3045
2195
157775
4890
613
5139
4738
94931
59501
109187
8376
53921
3271
7067
3572
4091
39292
1031
2241
50954
75985
5071
56379
112852
4690
3707
5446
3512
79091
3806
2313
4052
51077
4366
40732
7460
103372
2766
53993
141890
6996
36527
4880
89492
986
1804
6003
2555
62155
4866
1254
6787
3831
36708
1339
5630
147250
5504
3083
103384
832
68237
1979
7173
33781
1449
1032
413
6596
2416
3671
1361
147328
1334
45730
3538
2073
65216
7882
49649
60037
3062
1645
2421
2919
7216
4744
159817
3362
91542
135
2414
45221
2145
32029
785
902
127096
5379
109578
1263
1416
1498
3699
96606
79057
92309
1544
1249
47997
8093
80219
62999
2325
4205
59784
215
2402
4701
56757
1924
47423
3032
458
2297
1130
168252
5131
1717
8880
1526
517
42176
5297
161634
101142
166461
3577
3927
695
104841
4623
4329
7443
8894
1129
8487
2802
322
2736
27721
41997
5325
6796
91947
55241
103249
6250
42732
2796
1272
171
50658
30749
6793
2269
6963
127052
3988
49651
3906
85056
45950
3107
2528
3972
27706
5620
3573
112623
9018
45728
273
108932
3396
704
2366
1806
55280
3825
1994
1958
68347
310
45662
95720
27816
97870
27904
4214
3591
36401
120478
26871
45210
8391
1703
3079
427
2328
7360
416
44004
830
45928
5027
2931
4409
163134
113565
47644
3826
86190
86960
5471
1176
57274
1342
4040
73854
6944
1619
688
50794
64
106489
3571
120799
534
3081
2935
155820
303
4901
1376
8967
3097
62299
1010
107
7293
46970
610
5
475
4721
839
5991
7396
148775
2940
4175
2138
3683
85354
7317
8695
167746
3730
7007
4673
7151
7001
2182
2380
92264
4914
52375
61167
6593
5479
56788
4102
86880
2411
4167
3316
1727
3799
6502
3852
31878
7492
4
73321
26761
4643
87192
2530
95583
42018
2188
2365
6932
27434
5106
3889
1091
128975
55269
95207
89118
112788
1955
7757
79695
82459
129011
3146
836
72489
105037
1095
1907
4141
4774
7225
70984
6329
93134
67087
8370
4153
89745
2554
2747
58156
116799
6958
6049
6100
3076
3355
290
5398
148482
55247
51080
6764
7375
2392
49286
3979
7700
179491
149334
3269
724
2268
26861
239
1243
3099
1670
8840
1092
5621
5617
2412
4148
6567
1656
153236
122920
70015
2183
2165
4195
93510
53121
5073
2052
2734
168250
85367
102407
90343
8607
42007
91261
162350
79553
783
1982
67534
171751
98585
147374
3909
45880
237
140
179749
5673
99007
1005
7115
177765
129354
4293
7649
2531
34405
53550
4732
1225
433
32917
61401
2301
685
3879
4490
3208
2991
26578
2083
2429
26326
249
4037
3693
5048
53894
4084
236
87
1635
976
7205
1088
74789
5833
111743
3200
1674
205
104211
3668
6650
1100
127164
891
48997
1011
4974
178827
6232
2593
6645
8207
78574
135536
2400
2463
1840
26680
1331
7820
110130
27838
27660
2169
477
3684
48032
2389
4785
89761
2159
5168
44022
103772
72407
5213
105504
27722
51314
34319
78
1341
4232
3858
111781
4041
2709
6063
6788
2428
662
83
193587
2247
40723
5225
90576
202
159093
1831
6890
3037
47254
1161
4131
56805
1175
6857
3846
4771
54995
9004
66934
1665
147657
89774
42009
4634
222
1870
2541
3395
4827
158966
5303
5437
930
104906
97172
3048
955
105593
5419
89470
4642
7162
58107
522
6658
130050
4021
1227
56251
108945
5021
174
3483
74685
1363
2522
54354
4278
3511
2899
481
71131
1150
6155
152077
5990
8727
5710
5025
8405
6310
1251
122918
3287
162600
51709
4233
4426
1821
5466
114662
113862
68554
5308
141718
34271
42422
556
8666
8458
6620
1948
52458
53519
59037
138204
113416
6059
67788
3398
1587
5523
1354
3251
2469
8874
363
3999
8623
60289
4396
3729
5364
3308
106927
100498
3767
171749
71999
1713
93
1025
75
3295
25825
8656
1992
6148
54185
59727
227
27397
346
2676
2372
4798
599
8948
83803
133712
173235
56152
6184
230
8640
182823
4605
26965
679
2033
79333
407
6279
118702
4349
209
1337
61071
262
2535
3244
1987
95309
4591
7297
60904
6014
5294
3529
2644
100507
97752
5614
111360
1615
6612
8833
998
3599
81788
6025
460
6552
26073
81417
117572
5009
5764
255
5902
6156
4255
66785
12
26322
33090
140725
354
3502
6383
4086
141422
2207
3910
2057
3071
5146
7080
45442
8950
60303
3044
48322
7169
472
4499
3710
118082
65
4883
62081
1602
5581
1217
4915
3915
6957
1675
5884
115122
130490
6357
892
1461
6595
4123
96861
7454
1347
121253
95201
1323
6245
61026
4467
27728
507
45517
61250
2693
3467
670
67923
190213
5053
135803
131610
1191
183959
4725
111680
387
2206
6143
2688
8969
990
2114
1916
1963
3004
2686
74553
47518
80489
117887
5505
71282
3466
53453
49647
5501
27801
5490
1633
270
108729
60753
95875
7541
152085
8965
76751
2348
5444
1171
650
160271
2579
2970
6442
3946
55451
4228
3178
142507
2455
128838
3478
7976
7154
7346
63853
4516
26357
92243
405
138632
184015
2550
450
3247
36535
8125
4333
3022
1306
27251
1873
84246
181
640
4429
1588
140481
47774
2566
64285
220
3735
52885
6427
2151
27808
26184
5135
118696
149406
48142
88697
30
7118
3066
5611
8372
6586
8238
7481
5219
2779
60
44225
43904
89087
3549
52950
3841
59026
5092
64034
1515
4289
64716
3986
25886
2478
1991
106594
71867
52287
45431
7255
2805
7315
3089
7773
1135
4709
26084
27563
136958
2296
4383
2504
32799
6951
73266
1500
195
44974
80906
48696
160438
833
6041
4326
6952
135815
6686
26492
60857
44199
86345
26903
8984
6217
179401
175475
2572
45668
69644
2950
6974
3556
4437
1054
66240
1964
6768
31973
7698
108928
3438
418
4452
158813
3359
3843
3746
2393
69526
61352
91653
151739
116887
6551
7934
8264
140928
2936
6560
5497
7720
7008
360
233
33154
96530
27866
1827
43836
7256
110553
2697
954
43396
4919
74754
3102
581
5478
61394
162
3741
100843
5414
84847
4439
78469
105121
2283
4546
5582
4624
161580
98124
6344
42602
90057
3070
161127
7448
65802
3821
5568
1056
1260
2271
185029
4368
71530
76293
574
60514
937
82848
8979
93443
366
1330
3798
176423
69606
3768
4092
548
1297
80748
2442
2730
109317
50003
70687
2807
42725
85401
58293
39231
44761
7786
2561
3093
6969
7163
86504
81537
1480
144222
32291
5128
160080
7701
1290
109941
3633
1888
119141
177
78349
6348
5530
105755
3836
83910
112911
781
45440
381
4927
96964
7348
3365
91323
4381
60941
321
5279
104339
2611
74791
2764
108156
8019
87194
1977
3606
173873
2800
7379
33830
52319
2361
938
371
54999
2333
6584
1235
2118
8270
1683
3770
51931
3506
7303
26159
3837
100553
107410
190219
123545
48982
325
86014
57528
5382
37731
1946
40339
3262
4014
3608
1971
7367
69453
5879
33085
3328
161131
2587
45208
60647
61692
139385
134368
170
103042
3937
95558
99030
3263
1329
73499
3646
3264
6523
206
2208
53143
4042
51037
2672
5247
3053
1474
7587
58627
37739
2620
4676
6223
2921
8507
3219
96432
4708
7263
3835
6776
2433
6618
2995
79134
5959
8228
2111
40962
178061
53161
3758
82378
6953
8169
2900
2152
6316
4902
133115
99813
41
149
2156
4030
167570
67408
5458
2731
3388
4267
70492
124851
1456
155509
79428
193
106918
4777
2491
2322
2532
149902
5011
804
54281
89028
8711
5136
8609
6662
140174
2765
2155
86644
49793
358
69784
8225
4639
55577
384
3445
1425
2786
663
5313
493
2893
55245
3566
4441
2924
1289
8958
102720
172875
1944
2430
26504
72603
55553
25996
5425
4705
4477
128512
2558
107702
52975
5285
6140
34542
7636
51086
5304
112316
7573
2401
1627
6375
34143
114762
3480
7362
58291
378
6950
8447
89753
8643
64197
2596
4518
66203
72356
172887
2540
8918
4833
41617
6298
971
6659
2422
5238
8724
879
518
5999
74624
132046
86293
6881
95858
140525
6350
3431
4017
105731
83369
5569
39715
4845
26528
77893
74324
25805
65261
3177
41716
334
93363
59421
232
158783
5066
2048
6371
1327
2527
26593
6235
1417
109897
7981
3519
7812
1326
5258
151687
108689
4412
53129
163056
102716
27627
6965
6777
110297
211
32728
26712
116963
2967
5890
3864
4815
2089
837
75805
2121
5575
4235
4142
49666
5531
15
51884
143896
3030
110746
542
8154
4893
4991
72129
25856
6879
72701
91094
50442
5580
3021
3705
97757
46572
3855
2382
3060
6338
86347
27555
2815
27480
428
1933
31923
2471
3440
7419
2082
141866
1081
188675
116849
62511
3627
1057
1051
3951
6993
5450
2253
176371
159441
110730
102194
59141
6721
3737
489
2817
31804
4470
3953
1642
31364
44301
166
91104
234
71156
1332
160980
86548
58404
2445
1541
107348
2553
8057
3138
6212
7051
1809
54648
4149
3016
69436
31909
112940
3819
6885
99917
1389
81229
113741
6410
134808
6999
93512
4741
94130
4424
3980
84772
4067
7566
3898
78105
48698
3013
4056
1324
118924
3943
27821
5784
373
5570
952
3861
188
999
2870
7811
95473
5700
1137
183911
66310
155774
5059
3507
151
5389
4823
1262
4241
181315
111659
5246
164375
74510
184471
8044
2473
1117
5380
97643
5640
1187
117590
5248
1264
4126
1718
85261
6289
40414
95543
8033
7102
950
5463
116411
3300
6920
94266
7033
2492
166643
4225
113
27815
1609
52712
55721
113453
100
72737
194
122926
1772
54881
25841
88515
136016
5604
5341
40826
575
26603
4321
700
469
379
54372
3342
32770
1571
2843
429
5965
102481
5979
1366
1518
5951
89904
60885
4766
2419
39801
8383
6367
80241
842
26704
737
7028
104241
4036
71668
81158
4969
52668
948
50912
8907
59900
7843
2015
1993
56171
106883
818
175781
112171
32009
55261
132
37853
141810
1043
274
93831
8684
3197
2648
4545
75446
2474
158388
43936
25962
8730
2042
49396
55620
102007
70305
63
5689
31225
3524
7570
96821
4524
65514
4681
7193
58332
7228
7245
166534
25771
67197
6867
2614
71108
2961
25940
2310
49824
98154
8934
3788
424
1268
108
3696
91935
64231
3732
27685
88235
5541
92348
1672
1018
55167
34148
5881
1858
104419
65188
291
55768
70932
58154
120466
3686
1241
4069
94
5843
6306
6182
25898
86286
106766
97836
283
2828
6858
210
142961
612
1983
473
2354
5941
606
5455
478
146
101088
3697
86295
120807
25850
5741
121129
1353
139717
2570
77427
92
347
4713
645
2050
90863
3238
4992
3167
49130
5932
150548
4353
1322
120783
89586
437
26510
6331
165947
7064
77
5293
1516
4670
156609
3859
2966
8611
5159
5107
3329
3302
3564
2439
116
259
1151
1422
99764
8771
102033
4796
27846
3159
2739
63876
54190
33148
8167
106491
5345
7040
31660
866
285
136562
436
33138
32657
2624
1216
4178
55363
6535
502
2170
6057
7579
31420
7234
114246
111921
4621
1083
1173
7789
4660
4686
26265
6850
7137
3997
3347
994
4487
3111
1582
2896
110771
3882
39427
538
3306
32584
1223
3981
38159
175569
83976
135887
88746
38798
280
7104
1792
90245
5553
2668
7046
1162
57
3005
8968
3526
1016
3851
8933
8959
2659
64116
3771
7013
1438
159069
2475
6985
5573
27776
4489
102880
4857
58554
27788
3324
112552
3040
2420
8451
801
3920
5853
83349
134170
84615
39307
2859
4769
68945
3565
3360
104863
160571
32598
615
39435
32600
5462
95311
1430
89388
6193
77455
50800
130576
84273
217
166015
33201
5610
5483
4534
7810
3940
164917
158027
95147
3235
118862
1177
51933
87520
60161
987
73804
7192
76091
72733
50685
1856
80864
1957
3024
2148
161922
6966
3143
58783
27311
1281
766
26645
1785
90249
8773
4802
42723
3792
4951
127212
4628
86000
3268
6755
67193
4465
127198
122490
3156
26587
759
62394
51939
3496
77800
3664
2841
2203
4964
26810
3704
7624
100163
4023
4625
1497
2025
577
90888
183199
157296
40581
2456
26974
2298
6268
171867
39381
8917
1224
80693
53127
709
114028
27802
1023
73211
27604
133195
173145
1184
157699
7091
45732
4109
80586
6301
5016
526
84601
69604
4629
5637
153070
1612
109161
147
184997
2622
33669
112515
4795
4008
54745
5829
2447
33437
656
1681
62439
96007
4727
43679
3109
7101
4024
87222
3513
115231
2130
49822
84392
3991
579
4697
94953
2450
6554
117109
5572
4801
1232
1301
132454
3719
4254
1346
8512
32298
2162
3310
85397
2448
3270
2279
129229
32296
135567
743
74683
37857
7238
2882
1746
5477
1487
33779
7772
7983
2344
47950
8799
5250
149566
6058
2524
3028
97923
1885
4083
66090
3353
1096
6337
2227
8870
5619
4113
80162
86864
175485
5008
2887
3950
26681
2265
56176
1998
2374
90405
7932
64030
1419
127180
84952
170945
674
7614
114494
4792
7079
149612
5680
27
64622
133545
4689
678
38304
81782
1757
456
3484
147380
289
32632
5165
5348
4474
4218
104374
5298
148652
421
5205
7191
1336
119655
127098
4449
90945
39449
2634
68
126426
44694
155
87298
4224
69275
6615
2901
8364
4740
3990
170939
159161
8800
6515
85736
162344
5771
459
8910
37720
7184
147300
2737
2787
27036
55080
165101
2312
8835
62383
84950
2702
3094
6104
4144
5075
4593
3152
7222
3334
62792
453
5292
5589
6460
3685
3616
4373
5040
942
169912
51834
3248
98697
2537
3626
27878
1695
63540
95004
132422
51545
6246
165529
5613
5409
7292
58162
5309
1468
128620
5108
2123
6669
6417
1335
4291
8951
4994
4408
6888
36850
82202
2575
3682
7714
102823
134393
86898
146986
2055
5539
2670
1286
30818
173751
190209
667
6408
3546
73501
4476
1730
965
5668
6702
4210
26726
26547
6254
87304
1442
2334
5915
3677
139915
372
3451
4304
51937
3957
6483
51698
3429
108078
149352
167018
5434
121374
7215
49772
2443
6216
3075
2639
4492
122916
2973
3918
173197
8804
2037
33836
143385
2022
139640
159415
5943
1986
143367
6961
7564
139655
179819
3802
3912
168326
901
1132
93721
91784
3839
7366
140956
167370
5925
64501
6591
881
3204
4531
4298
74698
108540
86298
129657
5080
140627
146024
8582
59143
45028
91671
1999
6196
70565
82
62293
3422
137595
1178
4345
93287
54908
6791
1040
71823
7161
5421
87483
1147
66297
2327
40
184245
6538
6210
4484
1910
5564
7093
1648
44193
44597
96004
32659
4343
7834
5339
30822
175693
132333
53138
96829
4863
158872
3761
4488
68600
26344
4035
2004
128520
64620
54
157312
4553
1390
26
89190
168418
7845
26151
25797
26812
27008
50802
1238
7336
8614
4265
3992
48043
177763
180031
6581
48412
145994
6882
3978
71135
81512
71970
92439
47970
326
70183
8338
4380
108981
8781
3420
54736
2544
5929
7615
26375
77201
7753
110882
102590
5112
4568
157200
3182
3415
62336
936
728
4325
6510
33237
8477
56339
2373
59947
6031
2272
95165
6271
135534
60760
3036
1906
2894
2630
131934
100527
109483
4356
4220
70336
5241
55814
48598
69278
7449
4911
279
135288
103141
4339
72479
90376
6266
4735
3833
544
182639
3973
27328
6466
4563
121231
60408
8908
3966
2962
95796
3090
174045
2574
142598
430
2205
71268
2846
66744
73876
5385
139511
52831
131439
7059
166705
8809
160954
3246
103810
108190
157270
7299
54734
46
30848
8738
26686
43928
123200
95744
2551
160836
4587
4082
4193
26629
240
3473
128592
1489
25746
2534
5347
4644
6790
2810
2349
156726
5265
3592
3150
2119
61073
109596
2357
7121
6750
117851
49524
87197
99117
117545
63515
4728
3964
3046
130087
143355
38886
100611
4613
7395
74727
60674
7107
142422
2363
92535
6370
103449
2016
5876
164200
4658
146656
6186
142448
791
6636
115569
48744
6666
143245
26078
7842
65133
2943
105325
1611
2465
93598
62956
4438
4005
55253
55946
109673
65037
7980
90719
140289
1131
3364
5422
1599
70159
764
7076
5792
1445
47629
32017
68650
32596
3061
5828
7176
6979
5102
8838
48304
639
6820
67267
169
129397
176579
42728
82041
112512
57526
3673
6939
133798
90522
73268
7986
3808
169904
47491
3406
1752
33499
7620
501
115210
147376
3400
7158
26630
735
3505
4068
67799
101283
101076
8158
5515
34330
140852
3042
183301
199
33145
93270
505
3330
122888
2136
60735
2280
110591
86377
45726
1686
139747
8378
41863
146684
128542
59306
92420
163937
1646
113252
618
113532
2143
65130
3557
118896
120625
2043
4066
116419
287
5675
163645
6987
116897
25946
71
92507
3764
31000
4090
50601
5127
6609
65882
33164
71205
5256
3120
118572
490
140715
105540
91690
5625
2565
4273
26729
46347
2856
73881
3551
39444
32019
8914
4936
45666
170697
61465
167854
1300
1279
1245
74668
7212
6336
2506
1934
79868
162478
184721
5187
32289
27912
5780
4433
2613
8973
848
6339
71745
8591
7063
58975
170907
44777
80126
3358
64497
1649
95182
2036
1759
96975
2827
59126
126142
180263
42
8254
4925
55444
113573
932
2259
1550
7175
1082
2789
87867
117511
120637
110541
1654
5820
81018
2286
99574
7132
2583
56801
6946
90717
6039
5841
31437
1834
33646
7450
5054
8
128968
62662
680
1799
159755
6978
96616
99721
7321
40478
74530
93980
7727
26422
2594
515
2201
45501
126548
4043
30745
5562
123947
60397
60766
91978
66198
3368
391
2069
42718
2497
536
182793
6639
135861
33564
71899
3286
3385
132618
187031
95088
3129
4061
8580
87234
98799
2342
162606
5177
74342
2889
5447
175397
5120
8531
5785
157865
87785
3249
49735
1936
7027
5435
131013
2350
1694
32620
6898
4063
165549
3433
26849
5588
87413
4636
110501
8827
82499
3514
33681
121469
9
6111
1810
4234
50445
103253
3554
116138
4506
2597
96728
8253
8600
7264
3357
167706
97860
7702
8964
5962
893
3169
182749
173941
63393
4688
7669
95475
3926
3895
4855
3774
4888
34532
26695
172577
6001
78893
136666
156553
52579
26366
4403
82684
172233
184641
3135
1855
2185
2472
33896
7319
27478
4526
26865
426
66665
91079
2398
110281
3637
93805
4046
1537
26606
2514
70990
103075
5428
79139
4219
99910
136598
5688
49347
93766
2741
98361
26133
47465
188751
6062
103624
58303
906
4445
27373
423
48001
4920
104944
42004
5602
74532
4971
77421
89804
113345
80846
56156
168612
85788
8782
107630
103596
121
69746
91325
4454
1863
26150
1503
2835
55555
218
193571
4912
103137
4003
1902
3955
154
32875
142222
65682
8743
35957
107997
100487
3057
1972
96811
40412
60937
26359
6141
3987
4987
26453
61257
26524
3790
80139
131714
6385
78703
4077
1255
133419
5633
6970
2418
8921
27772
91126
4989
4300
3387
1596
32392
67997
26048
40946
51412
4217
4202
5596
5591
79572
1236
921
95761
70521
6789
715
4350
2801
2892
60516
2979
8117
6428
74089
102852
79590
3676
3587
1428
8521
5489
68597
6315
3190
150401
69134
4229
158398
7054
155168
4285
27692
4313
151315
101362
7748
103
3553
5476
115667
1812
59103
4117
159717
122246
8341
7061
8966
5963
5540
8275
7285
7078
50851
65588
7991
4850
6322
6954
99437
3675
81681
7030
3103
72605
1794
8581
8502
119155
3941
69953
6051
5337
8633
74851
44709
27255
4256
60522
94478
58826
52767
4442
87660
32213
38095
182293
5644
6453
176751
4143
3434
3091
30820
79224
2669
26052
135456
4480
6959
3425
5004
104913
74075
2708
91976
4203
58972
3724
94810
112370
3787
7142
42730
78039
33903
92665
4603
30894
161024
44204
5147
130083
47725
7650
4064
8796
2077
101962
4757
49132
102378
49314
6631
2351
6671
7440
31545
7206
76173
6983
44613
82667
6918
84187
81784
3404
106873
2147
8199
107338
7155
6643
6042
1585
57532
73323
94735
7745
91890
180045
2166
32554
4511
4745
8008
72591
117895
3500
2520
122906
67295
4124
131104
71429
79879
106540
50160
369
31427
173307
74868
8860
4812
115819
5026
80166
46974
97701
158238
180231
229
26791
85881
64032
65225
3125
3908
32460
40851
6334
48416
4787
79185
1009
1942
2266
122627
4577
103602
165639
165139
96
53883
58655
61729
2660
4998
78467
3192
4782
6433
94015
336
173291
95067
4748
4357
132084
73290
703
90524
886
448
53460
170401
2563
8866
2212
127116
73929
91622
4794
156783
2008
8596
6603
43908
172497
49910
151455
62644
8911
96114
124853
79677
4773
5867
5264
113780
62113
945
4171
96084
8506
3539
3029
6452
4081
251
95499
7048
107408
4909
131656
82093
2184
60291
89582
81456
488
4881
2024
3743
175303
109853
37736
51024
6769
7984
5074
34332
6692
1318
3669
71379
37477
8753
2820
4573
2888
1078
8045
99106
1769
55687
7055
44399
147326
896
179135
73569
1105
242
6116
2696
91128
8302
25834
2806
1919
8142
4602
41712
313
152083
122932
6909
102749
4462
96815
3727
467
27644
5919
77709
3194
1490
3051
5375
62376
2488
34450
6263
52694
111913
3392
935
100390
113849
102819
3157
171759
5113
126430
2743
30803
172881
185473
5527
2399
8183
174479
6195
89759
50064
114847
1564
2112
8814
26928
294
49389
4125
173963
75813
27664
9010
88932
25788
182297
68848
1003
1399
37240
6203
95654
60979
1684
6303
78088
38388
179709
26694
130518
118894
130452
26003
58492
180987
27850
167732
89945
7344
68194
187
3414
55207
6808
157432
7647
26523
311
152079
103685
8605
3141
50923
6804
33826
147282
7562
633
104069
71252
390
4390
33834
6688
180095
60046
8016
95873
37545
73858
47382
60538
550
2093
78034
6723
6197
4645
168632
69529
3658
42632
90890
943
107771
8463
2952
3963
3430
168608
4355
55036
72165
5468
8720
1970
747
122902
55294
51575
148166
97328
3326
3432
6547
7259
94160
6708
88699
1454
6395
158874
3394
131920
37382
8778
7340
2295
3130
168248
710
4407
167790
58309
2252
71304
63239
56715
88356
114818
5338
4754
79006
3971
2287
2356
172585
135137
44020
64993
43869
5081
4867
3206
32442
6731
993
5324
2476
27592
87444
7124
3765
73822
109633
3469
7167
32300
3625
26554
148888
160565
5836
2244
144714
78772
49957
3223
2066
1762
6201
4047
7762
4723
2836
2568
140162
2932
2848
626
5888
8121
7056
1949
1414
5312
7781
142550
4529
31422
5880
27003
176413
4121
73319
4393
40614
33672
6899
58315
114678
27839
2070
7024
3439
34811
109416
8261
1667
85
95939
1629
96283
2511
2210
97742
26082
152105
31445
7131
95780
6604
7380
452
7026
1875
3983
83827
98279
73015
7000
6887
43549
25865
127319
122890
7888
90809
3221
48326
139130
43560
163386
139994
65982
42946
4814
2902
2040
59295
2316
57772
33683
3276
46574
7560
138798
122092
71732
2525
30883
5863
4307
2483
80860
1860
42734
149380
6663
3993
128488
172461
6827
81786
8610
2557
106330
7041
8035
6975
168266
48161
2799
1365
6751
97470
89090
72921
106062
100044
1767
1340
158956
2179
6425
7016
44397
5068
91485
65642
731
102084
57637
2074
5442
5094
4427
175707
168144
5838
3661
1975
32914
55872
6214
8337
3945
88672
3446
718
8912
166291
1397
82854
61705
38
8094
5096
1913
2503
2417
35015
4305
8126
5752
52952
3010
7044
2172
7756
4849
62437
64278
1655
95508
5788
64249
408
33644
1066
8025
134881
31193
2984
182731
6288
8424
1941
4500
80551
142558
103688
5508
103219
7369
299
71500
26258
3581
2103
3003
103819
48414
190
45106
5069
96832
148881
4978
158842
4508
2320
7716
87522
161582
8387
461
99130
53956
3041
72
165645
1355
114713
75395
2878
2517
5839
92938
49
5334
61289
931
176051
7171
132153
37380
5224
56333
941
147372
137517
72696
70599
129937
67186
73808
104908
141408
94122
101070
149144
44197
7038
144976
46062
56012
3694
725
1439
6786
4649
136840
3350
1731
7092
109241
6619
53024
2607
96518
72720
83374
47810
4189
6380
49961
180497
7708
4523
143001
5909
1046
2886
2978
3832
127136
51088
2315
2769
26059
2267
1825
30846
5628
141994
7071
6821
107780
2906
144716
94867
27667
7766
2175
2775
4879
4784
4862
3055
176601
31903
6748
60803
5638
6407
80969
1887
79299
62799
4181
3323
55259
4585
2513
30898
103027
568
173925
144734
48560
50740
95633
1844
174815
126
3086
27784
140541
84523
3054
7988
4580
92509
26122
57536
26631
5433
7940
3402
103502
7311
125221
128832
3594
1791
888
100383
58299
48593
3797
4294
44731
54910
142074
47261
110127
47122
8906
40597
1859
2071
54732
135436
50792
3325
7181
1677
7479
160684
8481
4297
26171
85780
425
68932
2337
42418
3185
4372
47978
512
6812
5170
181413
3563
135198
129514
2897
61160
7087
93008
2733
1662
3038
26542
4280
422
106542
6616
2260
4957
138966
55278
69495
183
80083
139157
69524
2495
104283
3240
3653
31694
8501
161830
8195
6158
32060
4663
6695
6654
130686
7088
5410
26875
6724
2390
26765
111146
3078
180265
1352
6597
4406
63479
154975
1897
128902
130450
56286
6566
110773
109864
92008
6424
4608
43460
6349
2674
4509
5521
3230
5451
188833
8153
54962
46967
3824
50798
95377
103755
47384
81520
4155
2860
142020
3470
177615
870
89305
84637
83132
172637
5181
144620
27882
93502
2549
90738
101973
8989
7243
46850
54780
7584
31038
27156
86237
5214
1167
26172
6241
57910
89898
27741
4552
31424
4661
175197
1554
88267
2582
4190
5137
141816
5028
116738
5809
128914
7840
7354
3933
4231
25963
26947
4053
108192
77795
3998
96655
2177
88812
58876
53466
84240
59429
80454
8939
183011
6342
92681
1973
44849
91873
5278
7208
66320
1024
109846
212
5275
504
31184
114060
1937
4432
4772
2358
50999
67168
4672
91233
8593
6506
116941
3056
201
3299
94323
3655
103107
7017
3134
5404
5486
90403
175577
6664
58103
70703
27584
74154
85020
136024
43912
80727
128695
4541
4147
106438
138210
97230
74226
104303
34530
6732
58839
43376
151769
165843
2559
52283
147378
89047
3715
1581
86487
6699
7251
3756
2107
84156
3142
59014
6347
117646
1600
4770
78041
3598
161918
86355
152270
26782
108949
4600
67618
3390
140359
71484
5900
6559
6035
40955
3958
5415
26819
70728
71619
98623
2425
61255
174053
3728
4574
93193
77866
127152
4941
6252
77931
600
91470
61628
181139
2538
1493
6219
69251
55250
8919
1312
4519
162590
8571
80862
6981
2988
4594
86059
6324
8010
110655
136359
148956
79357
118985
32892
132362
6335
132157
95449
7308
3214
6528
135885
6744
170399
7072
6269
26340
54276
25753
8363
58351
138546
7884
171701
50189
131237
27822
31698
2383
162082
50806
1126
3074
123
144262
47999
6880
70946
2771
131739
4626
7333
79895
5685
3928
4243
3296
6889
3127
8014
133377
8542
40617
27513
304
72395
6530
27829
147286
3426
45382
6949
48638
33880
119
43
26562
93320
98633
102338
149354
4259
184349
7301
6124
7925
1119
132888
56563
6379
5356
2256
128097
6722
26231
143859
82088
5696
102
6638
136341
85796
3145
121171
4565
2516
979
116413
6345
155288
4012
112334
85213
170827
5077
60030
190221
7951
6992
56169
8864
82366
26002
143410
90531
55272
6624
4450
66798
104457
3217
136443
103539
55274
151557
4296
60333
92637
69394
7261
7258
2965
3315
3449
3576
6036
1824
2927
140133
172909
102993
95839
6832
4818
1395
101765
118530
183897
1008
2263
803
34312
6178
4079
8998
7307
569
172587
31049
3857
7010
111732
142424
26158
161594
1976
49276
6299
132660
3712
90603
81156
4710
8815
5284
2171
31617
6067
73344
66544
7069
52784
4847
8456
26750
5635
795
4138
59129
7062
5111
140038
54796
1305
114335
840
26038
4174
141513
112303
1837
8369
8190
3378
6549
4877
6783
42191
74275
26350
33171
8982
2098
6629
3281
4290
96563
176419
3810
32515
5499
389
136834
6811
55292
7706
6313
5773
26649
136564
320
27176
4164
2782
6480
5818
109895
81132
165959
139855
170817
26985
155659
7074
165969
779
4743
8382
84799
57326
147662
8015
1351
46337
6090
3454
109968
4115
1529
3537
45062
6064
54274
65350
176935
7294
54116
106441
6078
5357
5563
36276
6461
4399
105720
2750
72692
1671
121169
183635
101739
3662
7657
668
4822
7209
27619
69849
27320
2330
1055
8626
32862
33158
52730
70545
65685
32898
4236
31702
42740
100226
7581
64167
32387
82744
105211
3096
3888
142997
154065
136859
91488
26131
5212
3932
90345
110718
1495
3838
136471
1551
6009
158402
43677
100304
8952
179953
8813
5503
61319
98160
8119
169180
169992
8714
163072
136602
6006
102602
2017
193573
33801
4597
70361
8446
7025
151479
3158
25827
156781
27768
3989
159403
106889
86593
48596
136503
5282
3436
107565
6302
130976
71518
6775
3754
134214
7223
161290
3652
60363
6002
56336
8380
79798
26741
4347
3211
150604
1123
4714
144210
1594
2609
4835
134021
148172
143031
133782
52462
3760
167772
3017
947
109576
7895
107449
7177
78836
74282
142509
110603
6994
2368
176621
193579
26745
46772
26555
7616
4640
4422
161044
84414
5986
33126
82534
105213
5076
96281
3619
6997
61350
84716
6170
228
69904
4342
26796
4537
131749
6760
4191
1325
159510
5856
6869
1163
238
1613
8143
4212
1755
91353
31297
118
1112
5672
184987
62553
1458
6718
7455
78160
149508
5121
1413
2546
511
33132
4808
26169
3713
143511
45175
2729
4599
107846
26887
7979
122433
3604
7705
4756
95843
107447
99191
981
4813
4522
8492
4926
7327
151781
7937
742
142420
79501
100882
3822
53280
114184
177939
7073
5384
7894
54121
165483
5994
5550
7743
5512
93208
81819
72694
3002
92674
973
3474
103655
153408
168712
3559
117630
2661
82053
3303
4334
7086
91660
284
100397
112326
8402
59814
4929
145150
62834
137345
1547
136297
2347
89386
3497
26828
7304
103171
69516
7123
47404
48262
147410
885
1447
47516
4317
8974
3643
193565
3723
168026
5938
169982
74916
3942
7920
1771
115877
73741
103366
133645
6557
31150
44241
5786
1473
2665
3011
172589
5321
166558
144352
71211
88108
94018
4187
104243
32456
59985
1382
4683
40697
167538
1068
4630
183227
3862
105197
8459
495
1398
3900
3938
5475
8136
160730
3403
145935
80
7108
142372
5538
3597
1392
634
2625
100906
3641
134184
156387
4962
47566
34153
46105
8712
7944
4198
7943
8830
140561
7053
2095
6022
70451
6780
4464
111817
6390
65585
3475
89427
129737
4988
6169
2589
111375
1427
171631
71302
107953
4662
5663
42556
26498
114074
5452
8092
5649
1951
7846
32116
5772
40870
38294
4000
76738
102217
1484
7282
3700
2149
160567
984
34129
4252
66509
92494
7305
179073
32440
5699
5300
157110
107436
988
131796
7109
48518
143525
84512
46367
3725
959
56869
172825
2306
4215
6644
109850
179119
135777
692
6185
155064
89939
4961
127132
4809
4152
635
3795
129779
1592
170813
4622
98239
27074
68522
116977
4032
94833
6568
4420
7266
168218
132488
159779
49280
133716
6265
6382
71254
3569
143472
26095
7572
47202
100194
8138
60487
1053
112006
3015
1034
190215
27155
6319
140850
69654
48879
4031
174551
48741
8197
168254
26183
27879
4204
71248
160422
388
188301
26701
7707
99853
170357
137859
103543
2874
1593
99415
2370
85399
340
26225
7211
25795
31522
164753
136786
118814
94799
177185
6285
172547
5666
7386
76743
103221
1415
1900
71810
48045
135937
6837
2323
121097
6237
1978
26838
129659
91414
134861
110387
31309
116668
6327
1406
2883
2314
97168
126420
68159
110611
583
4384
7217
71106
3830
806
5456
6270
7032
1990
2385
159849
6517
8335
27491
96945
126090
69685
109569
55112
3672
1465
5034
147330
6402
61818
8670
106144
3865
2790
6856
175705
143969
2852
5922
48649
3379
8425
7826
3294
4953
3531
8748
70641
48342
79946
3183
4871
163981
1623
7036
75816
27705
5465
72554
30890
2451
90943
27695
6181
6853
6095
1841
563
173253
61210
155812
4612
5927
27124
63033
118166
2847
71550
26472
133879
82527
2969
8836
2178
66335
4428
6851
104141
4811
2652
99750
96520
5268
8293
6040
26391
110350
27441
8426
2131
7065
180777
31590
1156
75947
5953
160289
2523
7767
77206
65596
6005
58105
69712
114126
3260
6572
7879
185031
27022
521
2453
82152
26308
31737
5041
1583
4711
4916
61011
6153
4826
3680
128736
7936
127194
131130
6803
3391
68959
6244
111551
37844
7134
58879
152063
140267
6935
1661
98122
179
187717
58842
70533
44773
68480
47894
7891
89208
152372
5787
47124
104245
5706
6689
5799
171495
129250
3384
5755
2615
5875
8574
111785
2884
6434
7730
5767
156675
59440
7835
51357
112749
117444
85438
26198
121338
105351
31223
4443
3331
144522
1699
103233
1929
94494
3544
5328
67665
72308
118248
118700
5745
5746
103245
5556
4985
89840
4166
67888
57499
2590
99
27426
4581
5968
113350
83480
117107
8043
1440
5532
59118
130842
6588
175199
133771
95497
4615
117466
31101
113604
7089
96691
140737
33649
3423
7057
150696
148
302
790
2656
51167
2682
170411
127134
6070
59604
59549
4263
25773
26599
106839
77688
165347
6449
66783
4788
104129
5116
6400
5311
130073
4789
69805
8465
114925
117133
4268
3919
4646
8131
4156
128089
4610
2586
83177
171695
136012
6862
115216
127204
88179
7248
5202
5643
6119
98836
119167
140816
57183
6477
91842
6465
110669
30850
42015
95170
86817
3773
1626
26696
138396
3674
4836
47721
43932
55190
31030
51705
45361
26394
8795
133780
4282
148632
7047
93982
96488
5874
7486
87834
141928
6817
90428
66943
85885
2784
3241
91483
55110
86781
179211
4505
26317
4699
7335
105585
81383
183611
6611
72405
72424
121099
7012
5980
27369
161966
6509
166203
7127
7235
365
3689
50005
47646
26940
77191
97024
6163
2691
6679
31700
4080
2364
499
92198
136355
484
4055
43419
117877
136556
156371
172321
172215
134095
352
25887
156605
26612
101895
6493
114265
172013
3711
6013
4749
78266
184791
141820
75416
4520
9005
7345
56003
6192
80478
97785
146210
5083
157340
125916
773
3884
84189
182299
134248
60943
2068
115664
7938
146682
184053
5597
100737
27482
5993
49110
73681
100810
4240
56022
4451
77266
109971
33124
2304
74370
62008
5237
8331
136511
8978
213
27306
174403
7083
127114
3389
52644
193609
60389
2698
39234
5684
8987
3106
970
157407
144478
172583
3899
99636
324
1807
6962
104337
76143
79897
94405
6614
72874
8667
5988
1328
88448
183197
95313
5543
130052
133217
170551
97866
33310
51927
27450
6798
102058
173619
103984
8518
91386
6239
48214
101884
102684
6387
164647
97936
1601
5189
4434
5134
65577
2415
125914
67508
159061
6814
6358
5768
44238
1829
129333
3947
6911
27826
53355
61348
2226
43919
159193
6852
2928
136445
8620
94503
50147
168492
89030
32139
114044
170837
166492
3640
6558
6579
103048
3922
6093
31123
165075
170897
72294
2180
86279
127184
867
69211
70697
155589
171917
86922
2839
4562
101741
160644
168358
106785
100277
142056
5156
55492
8157
150554
59220
5114
2204
98175
6912
5513
61697
145951
6973
3786
152711
27873
80553
5779
26236
4312
726
170355
2494
4483
3132
95199
1475
5707
83086
25826
2742
50356
5912
4977
26913
130498
36397
7728
3590
27830
4578
8196
101525
2976
1502
189
963
94985
104017
30994
101423
3870
100068
946
4471
26958
523
2757
4504
706
1932
170289
162414
82765
130978
103980
92192
93040
4619
6234
102666
71438
31435
6561
8946
27134
487
7023
107069
1621
80124
43289
5423
32666
74948
50440
34536
44759
8461
95690
102760
143458
2035
4371
2477
25782
130482
5949
2837
82242
4440
6582
104925
2007
6782
114707
917
44931
193581
98604
73106
82767
159858
166526
167064
50842
8241
3492
43744
50158
4521
6545
6797
102742
66171
6948
56620
109191
3280
135787
115828
25870
75803
80834
93740
81257
6023
6684
110826
6691
5694
165551
5984
114554
26142
5007
3714
90630
53
70301
27178
146244
103801
243
4284
151653
5461
68872
175661
3845
58870
7889
99638
7352
2898
4860
7050
1519
2481
7037
3161
174141
5358
4831
134528
113348
5961
38164
103606
87287
124484
127108
173535
65359
7085
6030
5720
665
33629
26285
1685
46231
841
5607
6713
449
4276
1107
68536
60894
4184
189381
70862
8532
8450
4956
4653
8938
7477
32649
188797
96726
86028
3405
133281
31431
6715
55205
3628
53318
6204
141830
573
8375
160440
3974
7219
136654
2075
42013
8495
26622
63179
94896
71468
1881
6667
8137
26283
7009
151311
152037
5893
122884
6273
102070
49265
131023
107013
160718
193583
5889
134775
129
8831
5046
36363
7900
62718
85259
476
2844
8189
79073
163527
49917
8530
105355
3596
1572
8268
77177
36477
50514
184257
26797
156706
8235
4337
57843
5896
8754
51903
50354
1739
44889
126482
7326
51666
5682
116985
53574
4316
33188
496
171251
103483
168846
53450
2623
8650
59810
77233
8024
174727
52279
5460
158882
4611
49013
48319
7125
8685
98908
90469
59738
3344
71640
70206
7646
64997
140301
108795
25937
87876
151763
27683
7018
112450
5472
62586
171891
6818
109372
5826
141818
139857
3894
46862
189333
44243
113313
62836
1984
173317
269
4990
138208
93610
37444
131098
146688
173205
88345
66915
7310
152
73676
106
72224
131724
2744
25906
32302
121372
6734
632
27537
160569
69988
95738
7116
3313
4717
45183
167634
98499
95149
101415
26732
5601
2041
65738
134158
105020
2120
130840
43914
6571
4589
53578
158035
4502
5522
178129
4965
83796
3925
32314
7749
136540
5012
8844
132424
3731
111844
3580
77798
97285
173355
100306
51925
3965
70208
3225
1985
32589
69118
136469
157369
6033
141846
4932
116207
3043
3077
823
1423
75341
26840
92760
137337
4800
193585
636
2521
110330
41014
8774
6553
81087
3165
5560
56837
4074
77364
7262
148238
547
3073
8188
26249
151777
68269
25905
71494
85179
168350
102800
3574
6222
1565
617
5736
48678
298
76054
81910
140016
148978
5198
5883
7841
148671
102735
128099
170777
1477
4116
1114
7019
5667
1679
8905
8575
160848
7031
61123
3678
3284
95949
44511
73515
26792
62970
55
91974
143255
152284
5226
87028
3834
26700
69224
134326
3008
4157
51082
6678
85025
506
5033
2362
95145
3064
2526
4614
80880
34321
137
1349
26413
88911
6816
168174
7382
4402
2211
93563
27523
147002
27246
112868
120813
6320
80615
178615
72178
5657
78264
108715
32906
96608
175435
4675
51498
5155
73386
36289
191005
7372
102984
8379
96411
111622
172705
49263
4197
188189
152091
148675
116169
5288
108601
8577
8601
99532
77841
136305
160527
77414
6835
6592
103609
96121
6998
86068
6583
75389
6772
59018
50942
7987
33312
169034
37495
26467
36533
112460
45074
1981
51573
2190
132335
7924
32058
5664
61262
50796
148424
4323
57502
7896
111384
145283
2812
119068
105254
84553
65193
176389
7045
147936
58297
6476
8239
68552
35807
118706
6516
26176
134515
71327
5197
91860
4917
6086
5244
5802
178
1437
112497
27002
27105
27473
4695
72104
2751
1940
4666
97665
6060
114601
100326
4200
5498
26124
109687
58078
81949
81535
34359
151317
824
4392
64010
109383
72171
3849
54768
100106
889
48150
6971
4395
42559
26116
43556
146309
8718
33893
2261
51694
8482
155892
81791
46855
3224
882
5346
2462
175401
6752
8147
103883
163653
116817
4078
6836
2573
42638
7883
72714
3112
4466
115203
8588
110781
3914
44657
61406
4966
4852
4104
3709
907
2929
139415
8484
6720
3453
86628
55116
91666
155358
89862
190207
6986
78544
409
146730
2187
4783
107412
113278
4775
93242
72982
8875
95717
3014
145491
109042
172229
5485
60737
2865
3459
104074
7005
6660
4786
114396
105746
6938
3872
4009
5387
451
33838
45658
57147
25947
153386
92048
69227
102278
7822
4453
89678
86815
107462
98083
185033
56060
60141
138610
176329
55069
27416
55061
133802
301
6665
1650
115502
113374
145080
5088
7103
1659
82095
158721
1922
91571
79251
52724
27420
163112
4374
4404
2754
6982
34326
26999
65651
32743
175743
94661
88094
98296
6533
56915
4517
138186
134004
3939
81831
6990
27140
6122
6295
7457
2585
3747
173351
2977
91337
6527
5615
8427
26399
135216
115065
169670
102747
72330
134041
1604
8920
8954
136664
164367
145745
2868
4557
8232
33294
151695
185585
6809
107945
7459
84844
185435
4617
78626
7411
138702
47446
90243
126577
1798
113207
164655
2032
119828
4722
8462
77667
98061
107999
1839
125970
65740
76060
80917
95163
101529
163925
5817
27769
156607
7082
176805
124859
26764
159976
172793
961
52299
5975
2992
88327
4840
241
190183
162982
95519
6628
165489
5529
141004
160872
92954
7302
34164
698
6670
89072
50613
5612
121715
6706
3739
117531
7390
4635
3410
1926
5240
5105
52867
4139
59016
34018
26567
141400
55854
27716
50610
116718
165103
104837
1545
4436
6020
118930
101074
91355
50274
54617
2727
158972
157130
162828
90357
31925
55156
94325
31083
181065
115111
149330
2903
7218
94262
166183
31664
113275
63826
172253
70708
85295
4497
112897
72624
183295
5525
1980
109848
100302
359
96150
5847
152591
7075
2612
33435
37211
6448
94011
90528
27689
134019
152658
74688
158528
5733
58191
3807
136353
113280
98607
57951
26736
3847
42761
99992
111443
141131
2983
47538
93723
31921
127146
8454
4135
107314
107159
3823
111320
60471
54787
1546
94150
97858
7328
2196
7306
164280
146028
2307
6574
115727
3622
60293
108727
26717
61246
8290
79259
97950
117364
44633
25769
147142
2738
7179
3720
148592
27032
56908
174909
3568
166024
3816
107951
164707
3634
104644
4759
7364
105250
141646
2972
1412
124404
46865
1144
3345
149350
132462
149011
4928
170937
41527
58306
5651
6984
5537
96373
109295
60832
4180
6330
128
106648
161008
5670
3162
4780
91628
168090
8832
1507
7096
142602
61986
103865
92427
127130
173255
5749
7049
32243
97904
3428
3370
4089
6967
181659
80858
65631
34800
295
27549
68835
178613
7815
79274
88954
27329
4495
38992
7178
114627
32511
159077
129313
52715
26429
2104
193567
876
101360
45635
136838
69860
149146
82857
92422
65810
143365
155743
58287
104078
110586
7190
5416
119218
142366
638
25952
6145
26777
32179
4885
6376
117368
549
5365
32234
133832
160341
102025
163809
189547
70334
129428
4338
127298
40578
113225
69140
71902
470
56274
76763
118834
92094
126088
66427
8385
68886
99122
182727
120919
45648
122260
78746
31692
112727
73431
115151
5440
131826
3586
5307
70663
1660
2493
6225
27905
147196
5373
109313
6656
7165
74677
128842
80584
7368
26743
92046
179813
86066
163639
510
88593
1116
134252
6542
2824
5272
93006
157172
179817
26195
63312
4970
2891
4065
114670
41627
131480
7899
117867
161032
2577
5584
51562
25999
91869
26539
69469
26386
27370
27704
5704
111795
55071
55020
86721
173209
179427
85316
3794
2292
3667
335
142456
82641
128087
143559
41769
171765
90353
4251
8955
5221
139859
27751
6291
152173
113705
6573
4595
5353
108090
93819
133365
142831
101072
6563
137218
62208
63768
3716
74647
150254
132584
189043
57421
4111
140523
105801
121781
5974
85394
3289
93790
7357
158830
1826
87960
6883
93988
92234
6422
170993
104760
112454
163985
128991
95965
158254
385
25757
5590
2885
3660
118354
128944
38583
44937
83270
60365
128197
2964
7236
171811
51174
93855
91266
117192
4952
406
134524
3736
929
71453
254
175293
51471
43333
167296
6021
6228
48872
4939
3789
90471
1496
5239
4715
128908
5506
2339
6202
170957
74696
171023
8578
57522
104780
34292
164226
27869
134246
8236
5493
31162
37475
42285
4671
145418
69304
83969
31260
2512
74228
115969
5629
116044
6412
126921
167380
59667
8587
5397
27595
142196
4828
139052
59336
4864
41724
5209
6386
4242
85334
8534
78142
78103
141836
102088
72601
132496
1696
33966
116529
26527
107723
102165
80839
134849
184253
26900
1140
6514
136850
109282
1121
136912
89085
88069
5178
67361
26237
150596
71341
7916
5969
31867
46664
6746
134859
36931
2974
131578
65135
118784
102802
175387
6251
136816
91688
8690
109183
5424
162602
33558
107962
117
6101
7260
26676
59995
8915
91273
8535
148982
175431
26901
144606
73488
7926
136447
134109
128594
31952
7377
34540
7833
2651
4459
6705
142444
2435
26590
43558
136800
83601
2695
1652
5269
956
160573
4704
98503
5322
757
7349
6107
7839
184931
40491
91981
3692
1549
1426
47793
3374
7052
4394
113159
3648
89039
79684
166946
80094
2164
148667
52042
27865
5109
55844
73160
7141
7782
121007
775
128366
6587
602
7993
3609
6598
7202
90384
5801
179053
70637
119964
174737
103210
100556
158022
160978
162598
97188
41828
6314
92730
113829
118290
46559
134796
4260
8118
93139
3901
99005
2982
120130
127323
1928
39516
78620
53326
121035
4093
89343
145724
7122
64695
27075
1867
4959
60818
7487
43684
7831
160400
2056
136778
8632
80572
71160
86668
120761
1514
26854
165635
2725
95218
7939
113394
96917
77846
112580
44719
72142
110286
74580
6044
151559
95193
175585
127172
54686
5390
26365
84696
5742
7414
2632
115170
6454
76301
8191
5947
31086
78116
25923
5603
27708
8617
875
123553
4354
123310
130970
47736
8336
117849
183317
3442
7713
6415
2281
5063
152065
3691
127390
44943
219
386
95624
5051
6578
136449
119153
7742
34397
32469
165343
134334
69131
96567
72919
331
45969
4945
26147
7070
117922
25959
5797
156025
161354
116505
150993
3663
3171
109723
130578
2975
160646
138835
27778
6860
159690
2930
64499
7704
95175
134847
101531
1574
76030
27744
60128
96430
1857
96471
149590
151745
45503
26693
2257
152071
68444
102066
103085
4687
31851
81191
4458
141668
56389
1631
164540
55729
8511
189713
89281
8772
97194
7114
65601
5231
6696
120827
31610
649
59731
146662
4410
1180
94919
38198
5372
2876
172591
3455
47952
8500
69720
58964
54934
105835
95135
137863
119714
179133
179815
5901
4750
6123
99087
55067
3962
27006
181719
