509
326
57
610
462
600
89
343
414
156
305
448
20
313
304
469
138
217
372
603
339
438
366
150
523
380
489
111
318
333
514
275
84
424
408
552
109
76
19
590
467
68
525
199
475
122
564
480
66
307
425
268
608
599
474
219
222
182
212
165
594
274
230
10
125
351
586
31
511
298
411
534
54
381
420
18
477
187
100
105
370
555
195
27
45
322
263
591
288
317
249
517
428
334
204
331
137
471
453
410
563
129
367
596
175
208
494
51
412
369
256
566
419
234
375
75
330
460
571
390
131
232
184
567
409
28
221
9
132
32
82
397
177
246
605
21
167
101
103
328
70
545
63
24
273
606
261
115
294
178
139
220
356
224
267
526
597
476
34
376
584
415
296
1
352
207
580
64
602
272
91
119
332
135
140
527
265
292
17
500
62
166
543
110
90
200
123
118
354
573
540
179
239
495
373
247
226
604
11
588
266
551
357
117
134
93
227
377
458
50
285
191
402
391
190
149
61
25
572
504
153
42
570
40
432
522
528
577
568
284
133
387
309
39
88
209
41
353
362
482
554
7
454
233
384
587
484
136
562
561
470
60
141
210
468
422
447
392
396
23
301
378
80
601
248
259
368
337
295
483
350
250
73
15
382
541
201
198
358
518
71
22
65
560
466
107
143
279
95
365
168
379
361
400
479
325
37
421
176
236
169
253
4
427
559
202
43
260
299
160
290
607
99
270
578
56
437
592
478
78
282
426
126
297
490
457
609
130
535
445
452
503
6
314
536
216
47
108
579
251
244
323
450
287
533
319
492
306
393
418
349
116
493
434
280
223
386
255
186
5
443
529
486
524
48
355
104
593
310
464
8
359
488
72
293
87
416
385
429
542
242
74
159
83
3
512
498
171
59
491
371
162
262
550
459
52
407
312
520
203
406
238
173
225
241
449
151
502
188
338
463
79
315
553
581
92
112
229
302
303
213
383
286
398
33
344
243
311
46
336
505
29
86
102
215
575
440
128
347
240
121
308
252
485
254
436
277
55
583
496
345
321
405
16
598
423
532
342
446
521
465
481
548
374
360
547
364
180
161
399
501
549
389
281
164
14
235
264
417
113
185
96
401
196
430
144
146
531
94
289
510
124
565
155
516
472
154
456
346
170
316
508
441
98
515
276
327
585
544
569
413
341
194
158
127
181
539
44
85
546
557
589
403
300
67
214
537
278
58
348
36
388
538
283
148
455
183
152
211
439
228
444
142
335
114
38
30
97
461
497
197
189
291
172
451
2
205
174
13
404
69
206
329
258
435
519
473
106
12
395
320
506
237
271
193
487
245
49
231
218
120
558
192
363
163
26
556
582
35
53
433
507
574
257
324
340
157
513
576
595
77
147
145
499
530
81
269
394
442
431
