93
127
170
255
292
308
320
383
492
504
516
607
687
692
765
775
859
885
964
996
96
128
342
545
636
670
816
941
979
40
64
71
188
238
430
460
501
527
619
667
679
737
837
841
846
929
983
1
4
7
9
19
29
46
47
54
56
62
65
66
67
86
87
88
92
99
108
114
116
117
118
119
121
122
124
131
135
142
148
153
156
163
166
169
174
192
194
196
201
202
216
221
235
236
252
261
264
270
278
285
287
288
289
304
305
306
310
311
312
315
321
333
350
352
355
361
373
379
381
388
395
400
405
421
425
427
428
433
434
449
455
456
462
463
477
478
483
494
498
499
500
521
522
525
537
538
539
542
547
549
552
563
564
565
572
583
586
594
599
616
622
634
637
640
648
649
654
668
669
673
681
682
684
693
694
699
702
705
708
716
719
728
729
739
740
751
756
757
760
763
764
777
781
782
784
786
793
800
801
810
812
814
817
821
823
826
860
865
868
871
875
884
890
891
893
896
900
903
906
909
917
926
947
948
952
955
970
973
977
989
998
180
267
396
573
646
744
115
11
12
58
293
584
655
663
675
791
969
35
50
129
592
597
16
149
206
328
369
507
657
838
889
943
994
105
155
187
211
229
359
570
795
797
53
98
144
159
178
182
217
429
464
502
528
653
704
754
787
804
878
913
932
959
76
161
260
480
567
621
766
767
920
951
960
82
150
173
265
309
479
14
51
299
326
348
447
520
555
585
650
677
707
747
927
930
937
21
339
345
382
540
574
642
686
727
796
827
828
867
886
990
3
6
10
15
23
24
36
41
52
61
63
74
79
83
90
94
102
107
110
111
120
123
125
133
138
140
147
154
157
158
162
164
165
171
172
175
176
177
179
181
184
186
190
191
193
197
209
212
220
223
237
240
244
249
253
256
268
269
271
274
277
280
290
294
316
324
335
341
349
351
353
354
364
365
375
386
387
390
394
397
399
402
406
407
408
418
432
438
442
443
451
458
466
470
471
473
484
485
493
523
529
532
534
535
544
548
558
561
575
577
578
580
588
595
603
604
608
612
613
615
624
631
633
647
656
658
661
665
672
674
678
680
697
698
700
703
714
717
721
726
731
732
733
734
742
743
750
753
755
772
774
798
799
805
808
813
824
832
833
835
836
843
849
853
856
861
873
877
879
880
881
887
895
898
899
902
904
907
910
914
918
921
923
928
934
935
936
938
942
944
945
949
950
962
968
971
976
986
988
992
234
752
858
313
783
848
506
582
839
30
44
78
272
576
683
723
946
995
59
401
981
34
248
273
391
761
869
874
922
410
614
643
710
266
360
488
489
598
662
785
263
276
448
513
852
218
409
437
736
205
412
126
214
445
546
741
840
894
132
601
638
45
533
596
696
844
999
609
623
864
985
557
541
73
370
461
185
167
189
605
635
806
319
393
581
762
195
243
446
560
691
829
939
956
965
57
183
210
291
301
357
818
911
967
225
300
322
329
706
219
134
367
424
639
897
75
593
641
511
591
231
296
508
318
422
491
789
958
27
820
888
618
106
847
198
241
275
453
579
780
28
72
152
208
334
415
441
482
659
711
779
803
830
954
993
204
834
146
230
233
389
404
420
435
590
239
872
568
724
505
587
337
469
556
749
974
141
199
536
600
632
862
457
905
77
340
413
517
831
916
925
160
325
336
431
966
627
42
91
314
924
80
60
497
815
250
343
403
566
715
745
759
857
901
258
380
543
688
55
137
242
302
720
436
70
454
776
246
825
854
346
758
307
467
43
771
20
130
323
398
18
347
530
444
652
1000
980
215
495
559
748
68
378
262
295
303
356
472
515
550
770
809
975
103
200
363
8
81
109
203
384
709
882
883
524
551
802
666
701
940
168
222
452
487
518
778
794
851
908
963
984
685
611
773
251
332
630
991
863
207
514
17
31
254
330
475
822
48
113
143
362
376
423
509
496
725
327
503
620
606
416
426
510
870
232
651
33
468
625
689
610
279
49
32
282
297
486
819
101
286
788
283
136
392
617
569
440
628
957
644
490
978
22
807
855
5
439
982
100
987
695
338
298
377
227
358
414
790
385
676
95
37
912
97
933
519
247
284
811
961
972
730
876
589
629
331
526
84
112
139
915
245
512
735
151
257
553
226
531
411
892
419
104
213
372
281
768
919
25
845
2
562
866
738
997
39
481
712
38
476
850
953
746
842
13
931
368
722
459
259
645
690
228
317
371
374
465
571
660
664
450
792
554
145
85
89
671
224
344
769
602
474
69
718
366
626
26
417
713
