5782
6745
10590
4938
1528
12394
12104
8300
2634
1319
10574
15136
814
14572
8352
12197
11105
5741
213
679
15269
11174
13741
11998
4035
6497
10366
5293
369
14304
853
8276
3977
3927
2628
3598
12959
8099
10635
8169
3076
8790
4322
5014
8879
6859
11456
14056
10969
224
2571
7263
14573
185
1947
9493
6322
10085
167
4132
830
15275
14843
10504
1187
6227
3524
14826
13377
14269
149
2279
8788
7095
133
4786
8299
6237
11210
1448
5690
6690
11553
1452
13682
3912
6697
4526
9308
4804
7958
5617
3172
9985
11320
4080
880
3777
2689
12923
2901
4740
6072
11566
13556
13206
12444
6392
15389
15249
15278
4722
10466
12541
8033
210
281
12343
1661
14990
8634
3055
6618
4281
14005
9919
12614
7020
3448
12726
10800
12845
12895
9782
10402
8499
13351
3143
13436
1505
14367
10134
8997
14543
5711
14682
739
7760
5769
10941
10964
12905
13231
7234
4295
1862
8440
9781
11140
1287
14365
13066
7641
3135
13992
13700
12047
14881
13035
9534
3477
11021
1477
10640
5227
674
2753
766
5554
11273
12599
3035
9905
12904
447
9777
15043
14526
8843
6683
9448
8176
11535
8574
12363
6480
9577
5532
11934
6486
12894
643
6681
10859
6564
12963
4085
12708
3199
14236
13357
6230
4480
10030
3667
10194
4882
6293
14055
3063
8028
6094
13091
5845
13405
6056
5466
2671
13001
6679
9021
5389
4717
10847
10987
10753
13188
6764
10883
11956
723
976
3589
2084
4412
2679
5694
5886
7004
822
15155
12329
5758
2584
4095
1655
9952
1650
11239
6721
9569
11246
2146
6910
12012
5624
452
7596
1730
2017
1817
5120
1066
6222
9164
9206
918
8434
11393
2025
9817
13496
5841
1052
11349
7424
4121
4899
2838
9145
11744
13507
3395
241
3742
7745
11632
4040
12175
13506
3602
12880
13226
6153
10634
13706
15074
12528
8683
11062
3895
1454
13935
276
9922
8868
5375
12027
5168
10580
12721
15313
12830
9216
5496
4450
620
10398
12756
2586
7439
6709
1340
6904
8252
2815
12941
147
1140
13354
10140
11820
11821
14791
5502
11290
13326
6957
2072
2319
6733
7631
14889
12235
11396
9752
8200
11804
1038
4815
14219
9044
12221
7168
3794
10506
8969
4037
6184
4297
10072
5084
1458
910
14390
7803
3997
9357
5726
6748
11180
3692
14738
14166
8664
3843
619
7554
1263
9497
5482
1334
5085
9377
14264
6180
5432
9867
2044
4094
8124
5250
14919
13183
15088
3289
10670
8721
221
7551
3776
2459
9697
8916
3905
12002
7973
12207
15135
11056
9659
603
12966
3230
13836
2616
3259
5956
5629
2508
11596
10369
8650
7995
3226
4334
9098
6654
1456
11122
7076
12361
3702
6970
6843
2954
12287
7528
10393
1785
2759
14069
3141
1470
564
14253
1308
11794
2092
1608
5035
8090
1303
9908
6400
2196
13335
8045
1492
2704
66
13423
12423
10412
14648
3191
1695
3158
8939
12709
6876
6995
14793
3914
2253
8770
4195
1024
9212
341
13798
10931
8810
6656
4043
5731
9170
11640
7675
13292
7175
2396
14373
5224
5363
4618
14756
8859
8027
10001
443
5244
3626
4492
700
1680
5037
7119
12385
696
14411
9255
9780
107
4707
15394
11438
10116
10782
3915
4634
6568
10744
11086
191
9602
7048
13645
1769
12523
12318
1418
13360
7110
2643
5935
14412
10932
13254
8243
6300
1758
7022
15106
3672
8162
2417
6945
1343
6715
4727
14435
10775
6023
7841
7633
8253
2965
3023
12162
6991
11616
12657
10525
13145
10135
1665
4654
7140
6264
3159
5764
9184
8250
8444
13369
1626
4107
8904
425
871
4171
12751
1120
14225
7970
1244
5784
475
5829
13793
8236
12181
175
13205
2957
8416
387
11668
4560
1077
10867
6598
14822
9251
933
13424
12352
3001
12362
14529
2118
5798
14685
12272
533
13024
1257
11485
14096
14533
7231
1782
4983
1631
395
9931
10247
1540
8168
10250
13155
2831
12079
366
3413
4206
12230
8952
13929
1354
1579
608
12150
9064
11588
6132
8167
14142
14552
9353
10020
714
7920
9503
6905
5312
8186
14457
463
12215
8970
376
11420
7693
7553
14663
629
12284
14233
672
2585
11526
1096
12430
15076
9155
1748
14282
8598
1634
2372
8751
8207
6154
10387
13300
11776
3562
4838
5742
531
13950
1627
10741
10143
13131
4221
10653
14246
1489
10842
9172
6577
6634
7521
8305
11976
5747
7896
4523
12508
14349
8081
4840
1893
6765
1039
4619
7935
13465
413
2529
1136
10028
9051
10917
12800
11435
6870
3122
965
14472
8508
4607
7848
321
3593
14874
2252
7898
2297
2069
10626
3377
2707
6179
2527
12597
2250
11394
7280
4286
2795
12187
12163
3474
9539
2861
11172
9130
10474
13498
83
12686
269
9488
19
12140
7541
11986
4846
3120
1238
4230
12092
9870
11793
9033
3886
942
15298
13497
4589
1159
909
7419
2712
1746
14024
4338
4265
12087
2802
235
13120
4797
15022
5232
11815
9176
1476
3451
7753
8519
4571
4244
10088
284
873
228
3482
13856
5512
8579
6684
11470
8752
1648
1855
12846
9930
6134
13865
890
10770
3885
1411
7139
3842
10465
1240
4963
6162
995
4452
10889
4667
3284
2748
11965
6305
11216
7260
6758
85
7715
9505
14727
12176
9088
9527
11047
12590
13596
9871
6387
9627
6124
11029
14280
5734
5917
1313
5247
4321
1132
7659
3823
11923
15355
3723
12062
15178
11381
1721
2996
9123
10098
4231
14239
3214
12668
9267
4981
8512
6319
5073
11547
1633
11319
574
7792
13594
6412
3718
12019
13737
12303
14777
3731
14576
1269
3788
6240
15367
6710
4330
13864
2185
13720
480
12300
15264
4032
4676
2526
4949
14286
8209
4340
9771
14949
9592
12559
553
502
5733
8897
6389
11433
8800
13332
8289
13333
7545
12089
11852
14988
12675
9132
13315
3162
4670
6257
12253
2283
14686
8953
6553
9934
8325
13162
371
4807
15184
6749
8708
1751
1514
11883
3526
2415
6125
1963
10695
5090
13409
5049
9655
8520
6296
1116
4235
166
2165
7468
14849
14563
1732
10476
13799
10721
11471
9368
13168
11200
8880
3373
12097
5186
15138
14228
6931
1460
7401
3239
12360
2453
526
3509
1780
8293
14243
4723
9825
3362
7346
3465
13728
14451
2805
15316
12608
13063
5004
14260
2447
14095
12149
5589
11996
13905
9588
10509
2895
14868
9746
13270
6211
9795
12242
10945
14291
15296
14417
2917
4374
4316
8930
10105
13775
1300
13366
14522
10230
15319
7063
10233
1286
10521
10265
6965
7074
14482
1413
10880
7847
10664
4847
2536
1767
4669
1592
6089
2935
3566
3450
8693
8382
11327
3719
2132
3616
14310
1363
8102
2081
565
1789
2464
150
5529
1072
5064
9668
1099
2471
10989
3818
9252
11514
6000
7030
2683
3003
11303
8048
7777
1723
14037
7357
14052
6615
11917
2200
3522
13072
13717
9961
12737
1611
1907
2413
6623
11249
11289
13548
12701
9127
35
9799
8585
14498
2421
10794
5126
14589
10938
2365
681
1865
15228
9435
5075
5816
13923
9083
11750
11091
3911
6103
5904
7135
7880
9855
15280
2874
10542
11694
9275
10453
14659
6442
105
6937
12896
6762
10058
12745
13062
9349
5828
1396
14197
7567
941
4864
3655
10956
3520
3662
4996
208
10641
1686
11162
6658
10793
3502
2711
8366
7225
9364
13179
8804
4125
9576
5158
5621
2770
240
7930
11937
3887
743
7341
4932
13569
10831
11595
2388
8990
1856
12299
8050
6682
5038
10162
7959
13780
8128
9096
10059
1003
15329
9311
7526
8103
14706
2235
2360
3590
2106
12275
3546
1048
12309
4579
2635
2700
4995
14357
6751
2346
8866
9129
5725
1233
12974
4822
13430
3748
4366
6551
12927
11824
12083
4181
2366
10776
12773
9018
2123
13600
5240
4696
8338
10452
8546
11072
6003
10438
4082
8676
15238
6770
9450
14735
11741
4017
5194
11106
1459
9938
158
8685
8328
12781
14644
6284
14277
9151
497
14883
4668
3711
5898
14012
6858
8448
9678
7039
529
1058
14175
6890
1121
6315
10170
12204
706
8433
7374
3237
13542
7218
10582
618
9840
7169
935
1019
12052
945
5918
1551
15168
13401
482
11356
14297
7411
14559
4145
14238
8129
6673
13071
13076
9404
4812
10893
3714
14768
3958
14966
4744
4036
13783
11997
261
8500
3599
14624
7070
7636
4463
13221
14698
12760
15093
14962
2443
10071
13260
1559
8164
10322
6478
7303
10651
152
2179
14975
3737
6285
2680
14873
9809
3464
6939
13521
10808
2085
14122
10491
8902
14093
14340
14241
7836
100
6013
14125
15310
3576
3352
4161
11843
11038
3098
13912
5887
169
4384
14419
7989
2412
2595
50
7435
4548
13132
4948
5428
1837
13965
309
3567
4990
10183
4972
12112
1261
11275
7529
12925
11053
10201
4175
1708
15332
6466
12794
1147
8838
4777
13786
10
4469
3011
13806
12595
8141
14776
3909
299
2875
2287
6485
1451
5666
3750
10732
10788
6138
197
7366
12094
6913
13829
9606
657
7996
7309
8913
7725
9490
2603
5487
10037
5501
6302
9818
8644
10937
12689
6498
7569
7061
5993
4549
10478
12439
8858
1574
8872
317
15353
15098
6612
13278
6215
3987
3962
5419
12307
3016
3701
7734
3262
12068
6450
2893
15110
7085
9823
4240
10807
8610
733
5590
10796
12695
8137
8080
5258
13993
3729
13598
14331
4353
10606
793
9034
15046
8741
2615
10283
5078
14383
14088
1919
4918
11790
14887
8346
326
1957
7396
3664
14690
8269
13907
7242
4253
7916
588
14893
367
3619
12319
3278
13475
5927
128
552
12088
4001
6819
7668
4123
6541
13636
9741
10906
6754
8490
7266
5833
8620
3151
4237
4194
10278
10427
6631
14420
3586
14266
15254
13665
1731
10084
10910
3674
7229
12387
6076
8680
14995
4059
8383
6359
13901
2385
9513
5716
3396
1879
12357
11097
11527
8701
780
3679
13914
12878
5094
13656
4239
8277
8155
8262
3760
3209
5440
10069
9165
12921
12533
9951
3382
3384
1455
13236
3558
13639
7600
12367
10704
6320
5117
4880
8075
4788
7116
5521
1331
15216
5404
5434
6912
9814
4393
7033
505
9704
10492
14535
4141
5220
11788
4980
5292
1064
43
11234
405
4581
7878
1759
2074
115
14143
12436
12566
7092
14760
10885
14395
7487
9778
7980
1796
10879
11777
14016
9634
12129
12368
15163
7514
9201
567
0
10689
5578
15198
465
12256
11510
1337
14959
12156
3925
14117
13654
6861
5015
2480
3877
13441
4856
12160
3722
7304
6581
4405
6098
4218
11591
10777
15118
351
7869
4773
1874
1143
11431
7884
13027
11845
6588
8668
7997
2964
8739
488
14500
5847
2026
5534
14809
6271
7669
11266
6509
8556
9380
2519
11313
13150
13339
13509
3349
4267
11360
10202
13866
3028
12109
15305
9249
12461
3166
1206
7378
1112
1248
1581
2058
8285
3139
9551
350
13418
13320
14299
10403
15399
14386
11945
10321
4223
8534
9351
15010
1998
5379
11082
819
1706
4453
13669
11565
1727
10381
4158
14872
5576
13379
11785
14970
758
11911
540
9290
2826
610
6148
6895
12414
9381
14431
15358
4979
5001
14584
2230
12021
1841
4485
15108
13921
3606
9804
1207
4440
12040
8822
4512
6384
401
11942
15361
12967
2311
402
11823
11183
15062
12920
3604
11879
6219
3047
4276
14065
10362
842
6868
7550
5660
28
14884
303
5908
12373
7978
14882
13696
1545
3255
11257
5229
3330
9775
4251
8326
8502
3539
5531
8943
8477
5475
2647
9978
9685
5510
8917
14664
8379
10079
5452
14424
3757
13977
13414
761
7404
8527
11265
8561
14220
12424
3065
1374
13074
8491
4199
2803
5181
12977
14121
5342
8082
547
2931
13876
3938
4550
13250
8120
9553
4100
8709
15204
8196
15283
4928
8420
13904
7170
9828
13957
7758
6393
8487
9899
11932
8212
4022
11378
3343
6185
11552
10355
9219
5950
14251
5585
6779
5400
4527
1290
9124
13281
11787
12859
2391
6028
8989
8370
8084
4307
13627
1702
8753
9469
4166
5161
3633
834
4649
3983
5470
15384
7757
8938
9486
4741
5615
15356
12222
5957
14936
14974
12384
15336
15050
1565
9355
5291
5607
11728
7222
6199
9677
10014
8114
8991
6247
1383
4536
5160
9954
408
1181
10137
9521
3193
1922
12586
8397
13769
2670
14991
12413
10388
15289
5551
13172
3013
4457
3206
11938
5737
6181
6628
3935
14187
12069
9912
3774
9107
15187
8353
7347
5096
386
13249
2133
9686
5727
6030
9724
4242
4356
9300
4369
7727
13018
2851
1193
56
10040
3645
15065
10293
5593
5325
267
11623
9329
12184
8669
13608
5348
11461
5222
2742
4097
6865
11700
1232
10826
3532
13611
1065
2511
6438
5461
8294
375
13573
13641
6761
5552
14445
1587
1205
10334
7268
1329
14926
432
5353
5777
13674
14816
1301
6041
6915
1186
3611
6932
1507
4848
7663
2772
10857
10573
3364
11224
1517
10536
1076
11762
3326
7513
12534
2817
5052
6636
11689
7026
8905
14905
3058
7751
5556
11159
10512
392
13017
10709
9283
9215
7208
14712
12203
1091
14981
1672
5965
120
11252
7459
368
8409
7830
14174
6100
7060
13850
2216
6292
3381
14530
5656
6784
12922
12584
8877
6104
6467
2321
14971
12734
762
8040
5141
692
10701
3483
795
384
8577
8817
9233
6424
12151
2608
8312
6372
12655
3037
4890
8309
9174
12825
11268
634
13119
2538
10896
5736
12938
6622
12787
5453
10365
13913
6202
5352
3559
2669
6354
5751
12234
981
3847
10173
4044
8471
4659
13408
4429
12130
14527
1860
11959
7717
11654
12683
14505
3005
468
13709
7697
10877
5356
6947
8044
2149
5820
9570
13204
3407
13583
5969
7252
2113
14494
5225
543
15240
7872
10668
10972
9644
5316
14725
5671
6585
15041
8535
5155
6109
1382
12744
9991
9711
12652
13264
2502
9968
15324
11560
11499
5642
5906
5700
580
7724
6008
9356
9812
8645
889
4459
7314
2236
1339
13458
12071
6413
7101
13237
4762
9090
4062
7825
6909
10811
12139
3150
7957
8260
10828
12762
5009
11116
10644
7403
5527
47
980
11424
10004
3857
7667
888
14270
8836
5582
5371
13655
8156
13681
1412
15077
6640
13730
9143
9223
12782
3196
5242
11886
10865
10341
14964
7710
6226
8139
77
13936
13794
13341
11128
4167
11145
1877
6742
8840
3183
3340
9792
1979
15008
12694
503
13504
9089
8652
7387
12867
9453
14557
13422
1823
12467
1619
14300
10488
6595
9875
8935
12103
1772
11488
14156
8835
9196
4554
4226
5228
3552
11581
4715
13367
3208
9105
12706
1372
14305
2559
5128
4518
4130
9638
477
11125
5679
3138
5888
12402
2948
11492
14199
4002
5710
10169
14413
12742
9975
6313
3244
3417
815
1847
8473
7023
6309
11251
12218
9038
8839
13149
9221
7423
15286
9025
1729
4897
977
8426
5211
13538
6831
8271
3447
5025
8380
9876
1896
7017
5885
12842
8216
6120
259
709
13474
12044
1126
12991
8069
2733
3691
5837
2362
4009
15055
13084
13485
7237
13380
3365
12469
14524
2302
4135
10992
2076
8976
6544
9844
3302
10060
2517
2899
2000
9395
13036
10005
1113
12463
6439
10557
856
5658
9231
4398
155
5786
2962
1011
1348
10330
13667
11354
10110
14834
2290
7534
5012
4079
13394
5116
7893
632
15345
10866
8355
1576
15001
2629
3607
13191
6990
13306
5137
8700
12244
4595
7194
12212
9756
7340
5093
6531
3177
10231
915
5856
3251
8342
6447
10531
12908
11131
13648
10677
1226
9629
6857
5484
3517
13597
902
13461
2518
5063
10229
4694
1690
1504
7081
879
12171
5875
8832
3420
12753
13837
5649
724
1447
60
14908
4460
11130
7696
14771
4461
13563
15019
6189
1547
26
444
15203
3472
4879
11137
8318
2380
6837
14327
7207
12312
13195
7598
10318
7293
4314
1822
2458
9945
2830
1243
14086
7035
1037
8812
6975
11
5467
14204
10368
14392
1804
10869
14952
15013
9653
2130
7476
12240
494
5990
8281
9192
10970
9842
4491
4799
2716
5003
4476
4159
278
13345
2161
4617
3898
14391
10163
8696
6980
15096
5230
11657
9399
3739
12849
2976
7379
9906
13773
14994
10199
8958
14765
14329
5591
2659
2189
9773
6073
3314
1709
10382
6898
8351
163
10002
82
2293
14594
768
10954
2799
10013
3053
5691
1972
987
11954
5468
10435
7944
5270
12397
2785
13217
11916
1701
12434
6552
5305
544
15372
4569
14646
1902
556
9159
15236
4588
1009
4823
178
7071
6176
8954
10615
312
8651
14446
2883
12710
3766
13701
13193
1990
10725
53
1921
10804
15186
8833
7091
13549
10656
11731
13932
3335
10000
13543
7178
3888
15309
1309
11306
2282
5019
209
6650
11574
12995
11064
2708
10115
4177
313
1594
8349
2619
659
4791
8582
6986
9589
13344
4407
13535
14570
27
6194
9949
4642
13299
7759
2771
4112
8443
11865
7189
13524
8971
9131
3181
2356
11617
1320
7054
15344
3814
10222
7776
11678
9622
12550
6513
1425
11758
13178
6962
3486
5330
1988
10024
8919
3034
13945
7112
4542
12298
2620
4859
14363
5643
6815
7467
561
381
625
6547
11080
9925
6289
14945
11968
4566
14151
12907
11045
2437
8225
7371
1948
6853
1564
8306
298
11571
11909
5949
7506
8530
8118
3803
10801
6127
6539
6706
4247
8901
13396
8738
8083
9071
8376
12906
3563
5571
1017
10952
4849
3231
10249
1002
4977
5814
9028
14003
3254
14265
13374
7861
14209
11753
7232
7417
12468
13284
13232
12784
5471
13093
10045
440
14933
716
12455
9940
6021
3980
8860
2187
3243
5223
1607
3675
8576
6750
2636
14195
10471
5238
6899
11149
13273
12153
5151
4152
14784
1783
586
5735
10676
1444
14335
5685
2618
2109
12119
3161
2627
4498
1083
5981
5309
10575
3400
9478
13257
5045
7609
14662
3415
8042
12821
1787
4209
6287
6807
7245
10977
12841
12449
13165
6231
2915
14434
3979
15130
13671
521
6375
11176
11317
10035
11580
2690
6864
13358
12527
6874
9860
11484
1882
10112
9135
12910
5505
7418
5105
5274
14581
8347
5805
10622
5800
13797
12428
7670
690
10552
12651
3379
15320
1357
211
511
13274
6601
6527
9788
14170
15015
9369
1808
10806
8324
13136
3093
9466
13515
12749
10119
5600
7799
5540
5511
4873
7273
10627
13699
7810
4956
15230
5169
2371
15078
9620
3418
7774
2237
3187
15127
7326
4675
9789
12667
4007
5299
4662
800
11340
11867
5429
14427
13981
6901
12638
5789
4005
2320
10148
10535
14094
2342
2064
5939
13918
8750
417
10708
3597
3027
8899
138
13049
11585
5355
7103
15364
13911
7443
13466
5899
6704
14748
7472
10197
7731
14493
8143
2752
10996
11040
10747
1790
9297
5327
3291
3288
9735
3893
3293
345
8008
14254
6570
5422
14485
15185
15253
5076
711
14803
12282
9331
14523
13778
5314
3544
14574
1364
5564
9707
12738
7489
6095
4835
6557
1676
10519
5659
13644
13432
12479
4709
5838
3816
14290
11673
10798
10837
12605
4458
1568
1033
14628
9484
2054
9117
5138
3986
7449
15210
9085
13584
12201
266
8256
363
1984
571
4368
1600
7726
2807
6052
14571
4565
2439
4326
1299
7732
406
14075
11238
6503
2139
15036
4628
1429
11350
7460
6171
15003
5883
7192
4400
9803
6055
420
3548
6985
2557
10077
6477
12028
4300
5772
5488
12868
984
1133
13413
3600
4837
8648
10833
12371
10177
4026
5344
11153
9571
3307
7639
8974
11012
12173
10675
5286
9489
1673
7330
6793
907
4834
200
8825
11253
6734
14721
9063
4666
6817
5500
1314
670
10948
13139
13554
12133
9335
9429
1905
343
5766
3907
6575
6139
14677
12177
11667
13807
14604
6220
11155
11235
2007
11281
10413
14668
11474
10319
9500
1495
4075
13946
11413
8834
3033
11502
12736
2091
7981
13877
260
7043
255
11633
2419
1524
305
15250
6152
2138
10839
6514
13927
13329
11110
13349
10192
15219
6956
12944
4745
9173
3312
14717
9345
7864
10066
3741
9303
13363
5214
14186
2908
10561
7901
6925
10510
3656
6992
13762
11363
10209
13559
9371
5523
3072
7988
6617
12452
9579
5754
9628
9549
10899
15167
2488
14207
6310
10097
14407
13453
6182
4397
12869
4015
6347
14832
489
14394
10446
8390
3397
5813
8809
8863
5412
5951
12805
9797
6657
1974
9203
13501
4747
13604
9690
9213
15330
9916
1652
9304
11207
319
1210
10840
12481
11754
14718
1031
2649
12952
5983
5681
2213
14790
678
1887
4305
2348
12555
8771
5095
6999
6907
7361
10756
2532
7695
1457
1315
569
3884
6871
2937
499
1989
9669
8258
763
2694
3507
13972
6251
5654
12999
4266
1513
12136
7227
14289
5414
4038
8303
14761
10570
4911
13186
382
9563
12702
545
607
13642
13612
974
11855
7436
8228
14346
4510
9072
14723
14053
10665
8415
5087
2994
10139
13887
6279
676
3333
11016
1253
4650
6756
11610
5166
13938
13269
14854
1891
3792
14993
15119
15272
1025
4363
8921
6624
10848
2065
329
2221
10144
13939
3374
8016
2523
1095
12247
14361
8908
4003
1297
9350
6891
6174
6183
14172
12432
7108
8107
11279
1352
4481
172
12331
2107
10930
9769
12167
10113
11112
1991
3157
10500
11104
9743
3584
11893
7917
10380
8768
11242
6407
11481
12517
2624
13733
8014
2824
3264
8882
7160
10141
7972
9228
12603
9519
4433
470
8428
9560
919
6959
13757
4738
14967
13192
7559
12618
12412
15241
4287
11095
13522
14817
15328
5159
14743
8094
10206
333
6928
13813
5340
5023
10187
13187
1481
8915
2324
8705
12084
5407
3959
352
8887
10186
13860
11020
10624
6702
4401
10480
4427
6902
8230
10251
7206
1328
184
3773
11769
2975
7462
8946
8552
8357
4520
1341
6091
5405
230
9801
8063
4489
13308
4708
8774
3874
1996
9110
3324
4
920
1032
1814
9600
4428
5821
12165
6689
4733
14829
15056
7832
14846
7200
15129
6872
5202
14443
9768
9405
12245
14705
6423
10282
2516
11280
2031
14621
13751
11763
3315
2370
13607
5808
7494
8470
9137
4236
13116
1124
2
10825
1311
2171
4766
14471
1061
13
4020
5962
11529
11802
8531
14478
1572
6209
4084
668
13050
7294
12061
14956
10053
7029
15292
13558
8772
5264
8686
11231
13419
13978
4871
5835
3114
5686
11925
8341
5989
8655
3241
3817
7177
14250
2849
3175
449
9366
11005
14202
6777
9807
2942
14839
2461
11827
10473
10636
10674
15259
8566
12516
11223
3210
7576
3176
11182
13113
14450
5640
5605
6893
11891
1838
11505
251
1533
12142
4279
12768
10547
3178
622
14317
2087
12108
11490
7153
9689
13678
12086
471
2956
5860
13098
4360
3743
6090
6063
14237
4770
106
2223
10887
11958
14614
11690
1714
14674
8687
11385
5704
11158
11662
204
9621
14311
1499
8333
8729
1916
5604
12690
13125
8398
4387
11884
2420
12562
8528
3380
591
7735
5445
12740
14098
11837
13763
13759
11663
6669
7629
14432
13541
11914
9014
1045
5985
8049
233
8191
702
4833
14532
7772
11589
779
12492
3605
11466
10650
13431
5677
14453
7298
5251
12288
9189
3433
311
6896
4534
10850
2804
14477
10778
14138
3536
802
11926
12500
2991
9868
10621
5555
12659
9115
13473
9501
508
11670
5298
1094
4426
5082
13551
13055
9013
13097
4289
10579
883
5442
9024
7042
6207
11135
10587
5080
7246
14218
4325
1712
244
6584
9745
4643
14786
2814
9538
2968
12035
4241
2479
13623
1180
3542
12626
6920
15287
6316
7749
11486
9819
2637
6676
11392
11432
11615
1621
476
3897
8231
12949
1267
14702
3042
3446
7837
10300
10544
2786
11195
15081
8442
3261
5568
4268
10682
13331
2555
9410
8161
3500
4828
14426
10560
4487
9227
2296
2781
6455
40
6196
8830
3570
10165
10373
8076
15125
14057
7906
14409
1036
8593
13234
14660
7075
2199
3588
9262
836
3795
8506
4497
8056
12716
176
15134
4146
13949
13718
11348
8533
1223
7761
6772
12403
2821
13589
13488
13220
2651
14617
914
13275
12283
2483
12447
10844
1107
3728
14696
8780
14984
14316
3868
2261
7700
6743
4343
4501
8799
6468
623
8890
7393
14374
1548
6924
2747
10367
11449
1435
9834
7094
9393
11677
3152
15159
2400
11442
808
971
11399
12723
3163
13081
10237
10571
3334
13015
6533
10246
14792
10485
7077
11805
15086
6545
11620
11522
14100
2736
15282
11213
9766
8387
6345
14593
12128
5541
5444
13096
5164
7470
630
11477
11701
6307
9849
12429
5815
6550
13601
2924
8871
8722
7188
11270
5793
996
12797
10396
5963
1271
4103
9462
15270
3056
6175
15087
339
7723
4852
7002
1176
969
8278
1642
708
15338
13238
13979
3461
4695
9230
8623
13282
960
12196
8358
6409
12280
680
2386
12147
12525
9438
5147
6522
5801
8097
3085
4154
13827
6537
6317
7031
11612
3347
3348
8192
13677
7845
6177
11882
13810
4129
13094
2811
12918
14180
10995
4502
10849
3512
3246
5745
4632
11031
10789
9615
4575
13743
330
7903
5947
14439
1937
11929
8104
8038
4219
14267
6729
12889
10260
4683
7911
13776
2581
14741
2549
7497
6802
14184
11726
4933
7677
5755
9887
399
9924
5479
3401
13755
14132
3368
13893
9886
3423
3890
14876
8698
13457
8612
13657
13288
9845
10614
8635
5689
13444
12166
7966
13245
8654
3015
5345
1130
2718
15175
5849
2960
6360
7618
14465
14845
9882
1174
8183
10375
803
2932
10680
3313
3624
2545
9264
2490
8133
3955
10923
7392
4970
6900
15397
3687
10008
12615
253
3993
9502
4524
12698
7826
13616
14372
15342
11187
11248
282
2927
6724
15290
14769
3924
3787
1664
5359
6027
8211
12471
8920
1385
6016
12389
4866
2438
1802
1623
6046
12070
4066
9015
13489
9452
12276
11177
5507
15239
5702
3830
8264
13590
3479
12850
12081
11446
7604
6260
15207
1958
2093
13391
3273
14031
2609
13676
1868
2646
9195
4148
4657
14272
14358
594
12897
5201
4144
15314
13140
5802
13570
41
14177
3519
13290
10817
4383
1270
1316
13670
5042
4419
3123
2867
3510
15234
137
3832
8560
3684
5070
9720
13455
8569
424
3160
11980
10981
15294
804
3995
11570
3217
11090
12886
8909
2641
11874
7936
14807
8511
10755
7850
7512
3852
10122
3297
6462
7164
1881
8525
8962
4012
3059
15173
10390
3388
5497
1640
806
5435
7271
8831
1258
364
8911
7193
8758
4769
11256
876
8548
1165
8451
7064
7585
3815
2982
2688
4737
7124
12046
14224
784
4909
6083
13368
7971
13143
9802
3221
6948
1482
1566
6642
11967
1387
6889
12271
9299
6649
4910
5451
14163
6983
10611
6217
11858
1516
13395
12724
12911
15363
8039
11614
4808
13917
5382
5550
3612
13557
5406
7581
11885
5319
5020
14403
448
12066
9168
6969
5029
2231
15229
824
13746
1546
9370
7202
10874
9857
4077
11684
9055
14722
9926
5891
7685
512
6353
2766
7322
15164
2934
10080
2474
13435
8978
1964
4380
9717
12200
7485
15373
9411
3118
8595
5854
8848
13114
3521
12996
746
11649
14785
10221
7699
11272
3488
10963
10752
310
4939
13161
1571
12639
7327
1349
9171
1369
4612
12557
9833
8862
12772
404
8618
2588
6168
11387
11778
7173
517
10962
10219
13415
2833
2639
335
10350
5474
4901
10870
8126
9385
4352
13609
1093
9226
14719
10151
12507
5811
5370
14152
939
5281
4994
7427
7395
2048
11286
3966
3930
1255
2001
4468
10167
5987
9401
4389
11898
6334
14348
12743
7788
6936
8088
13267
1276
6626
5401
11405
14444
11836
15359
4781
11169
7842
5443
14060
6312
1282
11913
9354
14116
8232
9067
2943
6163
5203
4623
5508
7205
4552
2999
8408
8459
10100
8150
12446
7068
7006
1716
10411
5028
10258
6507
11051
9006
10124
5910
9663
13924
4423
4182
844
11761
13233
12488
14806
3974
8317
12926
5601
1423
9532
6298
7483
15145
11085
12898
827
13610
9890
2714
6330
4381
2151
9680
913
4906
9029
15079
10348
3111
15082
4818
11554
2767
3525
7835
10191
2095
12529
2448
6582
4456
13922
7055
12888
2678
7800
1602
8205
13689
12798
14082
1982
13908
2205
14508
6963
12588
7737
9259
3761
14642
8419
9774
8272
4857
4318
8213
14780
2318
423
3088
6813
9783
3845
7062
572
10374
3498
7913
7925
10545
1437
14104
8180
2703
258
13818
2207
6444
5775
4702
86
8226
3689
13352
13961
9640
2378
2071
7277
2979
12847
9294
7012
9517
10327
2394
13117
1361
2625
9831
9575
10628
2169
10997
10248
10736
10158
15307
4724
9492
2696
8163
5446
320
7874
2987
1743
13883
5932
12219
10017
4734
11706
13491
8846
1549
3274
2450
14229
13202
2178
359
6725
32
9994
10707
11324
5074
12000
469
6929
11300
1675
13153
12090
6850
7938
1577
12732
165
707
3267
2881
6855
6607
11335
7838
15267
10799
3762
2967
14862
5066
6128
12607
9142
975
13033
14182
12269
8119
9636
2896
6121
2525
5108
8345
4354
14102
6712
9278
2980
12640
5204
7895
4111
4868
13771
1054
10057
146
15023
14115
6133
14603
2664
15018
1188
9721
2125
8837
5874
3443
11840
8275
9157
3279
9359
11472
13894
4039
2003
14960
1941
8719
1004
9258
1806
12711
10273
864
2855
7787
8884
2764
7353
2120
15009
11607
4621
11117
9382
8073
10277
2036
1870
10093
9272
15265
8965
1347
6113
12893
15335
10824
10581
9964
6418
4540
12398
3913
8923
1638
9483
10715
12118
14124
9073
4115
15085
14939
5469
8160
12522
1200
5152
12874
2570
7532
15197
15067
6716
11784
11912
9614
10864
6521
11516
11971
7320
10691
5427
5148
8951
8749
2176
10067
3124
10802
3505
8407
14948
1613
3188
15218
2068
8492
6543
14234
7866
9239
1956
7433
492
12010
5774
2626
2305
1645
12678
1230
12410
13985
14481
1703
14192
11936
8067
9461
1417
3020
9198
1529
10210
2498
1424
3140
159
7510
8314
1563
14198
356
11806
5441
6918
8159
13176
14934
2262
12237
983
5545
9423
9218
9865
787
2998
14632
10659
6847
4543
10642
649
2836
12862
9616
8391
12940
9903
5937
551
14416
14922
14458
839
13628
4638
2808
3440
13312
13566
12470
11740
9798
277
5586
8140
11236
1867
8818
12577
12699
12759
6273
9482
4993
13421
6942
14499
11907
2850
4684
13713
7138
13545
9240
13370
2871
3155
6370
5234
10074
8816
5459
4954
6875
12186
6737
8182
9075
3480
15158
4411
11732
1584
10103
11512
9847
2760
6505
11441
11982
5806
7047
11949
14739
7104
9523
12696
7773
14795
6210
3700
13293
12526
7488
9313
9301
13747
10548
10530
9449
5945
14017
15034
1556
1986
9529
10791
6064
1864
4876
4402
2561
13296
10200
805
13279
3263
9699
576
14746
3304
3514
1799
13729
3820
10620
6192
15040
9256
1531
15312
1898
5269
3646
14323
835
8032
11752
245
10697
5641
5421
9498
2572
3838
3404
6701
4102
1903
14560
5328
1971
15057
5047
2892
1283
227
3375
4631
7122
9567
347
4673
13808
4093
11026
5542
11194
11339
6723
6518
14842
10566
5295
1211
4665
12388
3704
14118
7174
8609
8229
7377
13325
2929
1930
4191
6187
12835
8547
4153
14437
2389
14036
4263
11288
84
11887
8052
6011
2156
72
7974
6917
6051
4551
13867
1221
7769
3086
6791
2984
3657
1696
6433
10737
5960
1023
8779
1798
13873
10786
14518
12685
4317
10457
3943
12348
2440
8673
2163
12322
13346
3436
15370
13619
7498
4697
3061
1779
7024
8203
7501
7771
10228
1786
4494
5464
13925
2503
242
1555
12882
14454
6050
1000
2621
2870
3902
10766
1792
9361
4030
1747
4308
2702
7729
6141
10182
9687
3638
6783
11451
10934
11362
12635
8900
5903
9149
5705
10711
42
10007
11368
11781
8614
13520
12610
7690
9909
7573
4500
6609
15196
8605
12273
3103
2575
11644
2840
2212
6919
9993
10900
12620
10291
9284
14072
12356
1911
145
12007
11813
385
4173
8850
13754
15179
13875
7975
10684
1292
882
4293
14665
3478
11078
10897
6849
6794
4333
1022
12544
8702
3999
11422
1567
14864
3228
7049
811
4446
7538
4332
8587
6763
8377
688
5971
5323
12833
6286
4511
4810
3442
4735
2215
8187
3698
5862
9827
12931
796
5653
6687
9595
11586
3853
759
9334
14011
8881
1304
6349
5819
6077
5068
6422
9856
12095
8340
9837
11044
2039
15099
11739
2900
15217
14105
8062
11269
11261
14008
5065
7058
7287
5027
9656
6358
8223
3661
12747
9969
3992
4681
2686
6297
2674
10344
4310
10272
2377
1110
3369
214
15301
5567
1217
10740
8000
13468
12026
9318
14307
15066
8638
9146
11921
12366
2275
2841
111
5171
12180
1718
2335
10320
3826
11775
3057
1478
5714
1436
12418
10853
4913
3650
51
3688
3582
14676
11144
10729
7941
10646
13787
7680
7270
14165
6042
12979
4358
10907
4582
9408
10392
2665
121
412
5039
7665
8733
11736
7185
4309
6261
1384
1965
5713
487
8486
10632
8910
7560
5967
9418
1946
388
3452
349
2082
9937
8811
13719
2554
13508
8875
8064
2141
9507
7969
8558
8011
14126
2248
3269
62
12518
13268
7036
7503
12155
13803
10762
3710
4049
11039
3686
13664
6367
4410
8227
10190
486
4573
13824
14486
5893
10081
296
9921
2168
12901
7431
11152
13244
7248
8475
13715
15387
11035
12131
13265
4349
3625
3573
8675
5696
14325
9095
2780
11905
14020
10761
828
144
4250
13059
116
6325
12015
4921
10419
11497
950
14146
12443
3595
2487
5839
11250
15160
10263
5515
6866
9147
2289
6814
4917
189
13617
8198
1625
8036
11425
15090
7155
1247
2232
15011
10862
14634
8994
4063
1407
12930
9333
9431
1765
8432
12032
14091
10649
8961
15051
6610
3077
6968
11083
2364
1392
860
9415
7853
12146
3074
2654
9217
1740
745
1503
5692
5940
13527
8096
4553
3805
2477
1532
8692
5826
6137
10878
13123
12731
7801
13310
2485
119
14855
13194
13171
12575
1590
520
3956
5034
7873
1496
12036
3623
9403
2225
11423
6301
4951
818
13591
5061
13400
8996
1649
7579
14871
4891
14168
9242
9288
9664
13378
730
2102
9499
8807
2682
1182
8927
9593
7319
4692
379
12530
3128
2086
12998
7179
14827
4113
9384
1866
9187
7281
948
6528
15255
12228
14123
4830
7870
13151
13951
10138
2661
4655
12417
3618
8110
14545
11330
14929
14188
4443
2129
8234
7264
9081
6160
7812
6967
6272
6158
14833
11737
5473
12137
9222
14942
9347
719
9181
13014
2853
14193
14823
8559
10281
4169
10760
7767
6186
3406
7983
1172
5200
11409
14605
12840
11465
6845
8079
4163
4627
8980
5112
6268
5174
8727
13294
8261
5322
12628
5059
3398
2740
1104
10660
14342
6456
13781
9815
13302
4605
12075
11868
11746
4006
4784
3894
12392
5426
13768
13849
203
2949
7548
3394
1487
5573
10914
10136
1959
11225
3174
14602
11103
3295
10567
6496
5518
1824
7940
2534
15095
11622
8438
12703
3681
986
10421
6303
14388
7176
5925
8521
3127
13303
2278
1158
2912
6131
10212
13353
3839
9660
15032
13953
10841
10383
3537
8087
6659
10968
11539
3203
2880
6804
14061
4033
7620
11627
10903
9214
4888
9270
13261
7337
5767
11199
2989
6225
4116
8660
4841
5787
13110
15297
5938
13726
2315
5986
14129
14935
13030
11411
13157
10758
3919
10568
6332
52
466
3779
10838
12532
1274
2128
1108
1070
10748
3386
7465
11854
10226
1987
4699
6944
8526
5416
4261
697
9541
4756
13646
595
4275
1967
1241
5953
9332
9030
12378
7511
12799
8435
8679
2423
14332
9936
15137
1317
11467
6648
686
4108
327
13196
12852
8467
6123
13080
12950
3276
4706
12725
4252
3491
9929
2018
6666
8906
7953
722
13772
5676
11079
2183
10279
573
12033
5868
6248
1918
12346
7491
3784
232
898
7352
14534
1977
2142
6045
7982
5719
12231
12216
2110
11295
10522
6536
10919
12261
10513
12164
10699
2254
7458
8737
6846
4027
5780
5357
13820
3270
832
9888
3250
10990
5781
6420
10056
14788
7136
7215
12159
10333
3292
10692
8065
15006
2108
12226
1231
2467
2872
11928
12943
7230
677
11342
8757
9738
7637
15380
4023
13632
3002
10540
7561
8631
4700
1162
5362
483
14885
6800
4765
6556
1692
7008
5896
71
1762
9613
2323
9565
11556
4466
8053
2462
3965
2398
10269
1402
13819
13197
8567
5528
14418
12863
15214
13148
2340
8714
12029
12450
2762
4430
15028
1722
4905
11765
10505
6001
6993
13433
1353
8591
5869
11542
11247
8607
14753
13705
7321
15365
264
3929
2441
421
6191
4750
9587
6703
12912
11582
7429
3316
8674
6926
9426
5221
7363
5892
3337
13492
6823
9727
1542
13580
2673
5608
13285
10405
9960
2325
15114
7748
8627
2579
306
6040
1749
7161
11604
22
6894
5941
2158
4609
10489
9178
8592
5549
7021
8699
4748
135
6483
8874
7701
13502
15070
13848
10426
1015
10359
11489
11801
7282
4382
10239
10534
11482
3038
5300
14097
8006
2243
5338
9877
7515
377
6223
9009
151
13068
10104
8217
12454
5517
10395
1346
6010
7182
14556
403
3107
6242
5797
5296
11346
14924
2961
10280
8214
8369
12051
11524
14038
6789
14802
5520
5142
263
14813
6619
4362
10942
11066
4128
11142
1254
2903
10894
6752
8670
6265
10236
11624
6057
11233
12490
5303
11978
7066
9548
6374
7120
8726
23
9586
13941
12189
5127
9647
9200
8945
11952
7333
4376
8643
8662
9652
4088
6278
6115
866
4801
15038
1585
1400
3391
872
6778
4925
3753
13307
7994
9047
13459
1515
11002
3266
2350
11000
2258
10868
8934
10462
12802
609
5889
5018
4585
4674
2832
8549
2233
689
15004
2970
8237
10555
8166
15276
2162
4434
988
1741
9900
4931
11501
2638
12251
926
13152
671
10515
3350
3738
4794
3392
4089
6155
11630
9128
7943
10911
8170
5762
8240
4820
7963
283
14818
6401
9996
6788
9247
279
5132
777
5261
5050
7181
15083
9220
2445
10913
2186
2921
12376
8597
12855
3950
250
7643
10598
7323
1153
8542
9693
11809
2653
7050
5364
5051
12038
1511
13586
3469
12715
7831
7543
5866
14509
6934
1657
14160
4626
5263
14675
12208
1057
6404
12328
8925
14680
10299
789
5852
11661
1395
12986
9352
2160
7655
11412
10092
6329
15069
14724
9342
15374
4507
9436
8247
14921
4620
2598
2514
10834
7577
5454
4701
5381
12260
2632
5498
15391
3301
8267
11161
12302
15302
5351
7220
1915
6085
8093
7634
10809
6012
3960
11780
9026
10090
1750
12404
11447
5218
3481
13450
6253
10276
9097
13012
8322
4907
57
11344
15317
6979
11305
7651
6489
5167
4538
11783
3024
6321
12545
9346
2784
9734
2238
10302
2882
14917
583
7425
5083
2528
2879
1040
6549
7167
14130
4329
962
14639
3012
8578
6114
2059
14549
7365
11803
3812
4966
7683
12509
9764
9268
6954
14635
3561
2801
5577
15222
1861
14907
6342
4004
5761
10042
10039
8937
239
4301
7126
1115
7376
4546
10648
8929
4920
12704
4894
5241
10946
12540
10551
7499
8891
10297
2499
10193
11990
10759
7038
13057
2210
11703
4997
14561
1235
3574
1938
2073
14194
3476
9440
9337
15304
11043
10429
12968
10357
14558
1774
3528
380
1150
1816
10750
3725
11895
14627
14651
15277
8359
7056
2652
6411
8903
14382
13721
5803
600
7967
13895
9017
6275
14039
653
13460
12024
12484
12416
638
12127
807
5067
7647
8181
10728
1596
14044
1185
1601
1212
7622
11919
9854
3009
3540
4805
268
9841
8273
14261
8386
611
12306
10117
4071
8864
13809
985
14080
669
1876
11334
6009
5674
3429
14985
2829
11603
15376
5928
12333
2304
3878
2513
98
6922
14914
13998
5619
10662
8849
7584
2080
12246
3130
12876
4447
6566
5098
10255
8265
5538
12970
2224
1693
12281
4522
14401
978
8395
6363
6398
14214
7956
14550
2553
8193
5062
14528
1179
7457
9032
3029
8410
12350
628
7109
11601
4437
11818
10490
3260
8682
2387
7589
11807
7505
9080
11008
11232
1685
8092
10275
2644
7648
12168
7858
6757
7149
12445
11337
12609
7568
10901
10518
1981
1510
6262
383
14890
10783
6290
2589
10875
9148
6241
8244
5877
12211
8422
4647
5799
13613
11946
8731
5417
14312
3875
8449
10168
5972
7285
15035
13711
12022
5197
113
10685
12779
10470
1875
9163
778
9302
11380
2846
9120
11655
11418
5217
992
5533
509
1089
14423
1606
67
8472
15273
61
7495
15131
1386
2274
4031
786
4973
2719
3639
2734
2181
6517
3097
10991
5267
14000
1175
4742
3663
9942
12621
14997
1365
14857
9260
3062
10029
3383
8123
8385
7900
2496
6792
13735
8743
11500
5610
1027
4798
2691
6318
11969
13567
12183
3712
2122
7765
14553
11822
3917
391
5934
1087
2958
11817
7791
11757
13271
13327
6502
3319
12006
11797
4192
2197
5318
5341
10717
8105
9836
7372
13182
15071
10384
12956
13023
12680
9962
927
11426
2823
6414
4924
3844
972
11284
2997
8596
4421
8301
14455
7932
4774
8763
3234
5398
2600
9830
6178
917
1884
15072
9966
8539
12286
14598
2835
12152
13562
7736
9988
7815
14900
14798
6718
2094
2622
4233
14468
13976
6671
7090
14778
5964
14399
14591
9074
2940
12919
6165
4941
13870
14606
11719
9019
1362
9630
2089
1738
3211
4845
6719
2633
1312
13477
11920
10339
4537
8287
2848
4067
7265
14669
15315
6047
8583
946
1145
13687
10006
1519
5865
5439
4729
14414
8130
3233
10933
2648
11434
13626
11973
14609
14050
46
7111
3060
14221
4133
892
9535
11460
1925
8412
11196
7150
10549
226
14222
4436
6246
8171
9111
10455
9524
11139
6809
7768
3367
5256
7240
10835
12078
12700
12576
3411
220
6239
11416
1788
6722
6698
13990
3014
2493
5189
635
14333
7626
11881
6469
6562
4720
4060
10292
2220
2576
15251
15246
8051
3989
6781
9688
11370
791
4952
8210
851
717
1106
13531
5976
6039
6399
11691
8861
9458
8188
3881
2329
7828
9946
3129
5410
13679
12310
2787
3083
6606
9414
3932
458
12769
10043
12719
7946
1886
1305
6270
3499
411
8115
5183
5346
1901
8463
8842
13073
514
419
11127
10696
6071
11004
7743
831
6390
2298
11226
7923
6337
6035
12093
3117
8611
14430
1014
2783
5994
15382
3883
6879
2203
5409
13851
7011
314
6479
15111
13348
1067
10496
5008
7279
222
5133
1273
9750
9475
9631
11119
14087
3095
14789
6058
2645
11468
12593
6798
3543
9955
9375
4422
14479
7508
12582
13999
12305
1736
12934
9487
9861
15139
10415
11452
2245
1869
1828
13615
13649
3609
81
615
4640
11036
7098
14314
5638
7444
3746
12856
10852
9963
13356
8208
8127
12619
12953
1388
1433
7523
7214
1894
11371
13533
8399
4255
3385
13486
2392
7360
6172
13102
3444
95
13005
2531
1553
14999
13328
8964
11168
11666
13691
8153
6365
5032
2730
13393
1960
10926
7610
9883
1883
1742
12476
15044
6214
2020
735
49
9387
9402
5752
15026
4577
4280
4264
9757
3489
7595
4029
5031
5897
14501
5331
7642
9245
6280
2308
12580
207
3341
8417
14697
14611
8013
14385
1523
13526
5924
9005
4478
5190
9675
3345
2435
4313
12556
9520
13684
4011
3449
2963
1945
6283
13928
5546
11647
6112
5850
9838
15100
3437
10713
5637
3322
3683
12568
4999
3508
5395
4992
8455
14638
2658
13382
2173
4506
1734
4679
16
15107
5249
8777
10596
10352
10264
6530
11027
14762
14089
10984
1127
12266
9421
8888
7950
13909
8570
13954
13536
4341
1144
324
4531
3758
14536
11561
10372
9667
775
13675
2920
13013
12263
307
10569
2463
2868
15101
1016
3051
8972
6559
7894
8313
6457
963
12214
11312
10924
12144
2454
13637
10101
3215
10959
1656
7794
3317
15103
11165
14496
10960
13690
13313
5146
7912
7437
2666
11577
6732
11444
11857
14671
5106
4764
11992
12172
12891
4953
8392
9893
3310
12755
546
6243
7065
5612
740
1265
7607
14643
12861
12987
6267
982
7369
7102
14759
5664
7432
3745
15398
13342
4998
854
14972
3294
940
6018
7398
10048
7827
12506
8516
5547
10253
1569
11877
14067
10508
9433
6380
10577
5143
7385
7044
6534
9481
12400
11428
11619
4850
4984
14295
3164
2845
1813
12342
15271
5099
10714
490
7154
4836
13243
4019
10541
10957
5393
10106
14285
8657
8814
3115
14248
11302
1995
504
10979
9422
11463
14227
6061
11957
6677
12717
14569
3409
14081
14071
12379
15245
810
10189
11033
4449
12973
9292
5310
1849
9394
3453
336
11841
13016
14667
15037
12270
13832
925
11955
3734
14309
2806
9611
7947
7922
5254
7305
7406
3487
6341
5572
10949
7833
2476
11167
8658
13764
4259
12264
10698
4878
10184
12080
11613
3678
11332
9360
11880
10733
12194
10863
5996
15
12570
11810
2432
12542
8823
13734
7624
8350
1598
2481
13631
837
7184
9761
7274
9496
1157
764
5175
6662
2219
13416
9246
4053
6981
10424
7316
6060
13248
13209
11429
14410
7746
7933
14548
1699
11729
993
7390
8497
14330
10328
1471
7156
11892
4488
422
8828
5723
9156
15199
1698
4346
15378
10922
6812
13872
10854
10095
8154
4559
8975
3690
4754
5390
7679
645
14048
8853
8778
12369
12758
2537
2977
6984
14185
6415
9122
14546
13089
5855
15047
5420
8108
10630
11989
5192
10018
5320
6495
13777
4645
10156
4484
1370
11459
2938
2852
3831
6276
13499
12903
10178
3876
9810
9784
5129
5879
12023
5178
5321
11718
8362
1453
8703
5744
15152
54
13796
12059
4989
6006
4593
2046
8867
7744
5114
15084
14911
15347
4660
4165
3356
5563
1063
1773
7299
10481
5213
7410
11395
4424
10439
6142
6916
10397
10252
6019
9432
11669
10176
6672
14135
12826
13625
1135
6882
6923
587
2375
11709
6569
9755
3613
5053
11594
9935
1288
14819
5684
5718
7370
10220
6224
7822
9241
14715
10638
500
5122
1465
1441
8026
1281
13934
7814
373
3994
9770
2322
4155
10399
1793
9824
4273
14820
6135
14930
7509
1012
11551
8697
5013
10892
3944
14673
8649
6463
12148
7750
11848
13383
14953
10785
6471
5890
3796
10346
2280
13825
1149
92
4636
3652
3640
12836
7979
891
7201
7711
1687
6428
1350
7908
932
1836
3608
14897
8629
2285
288
58
13727
9853
11519
3116
8928
4883
3904
2930
9642
3473
13878
1010
7644
9056
4535
13791
14982
10829
11282
8406
6079
14878
8142
599
11372
6445
13659
10416
2856
9794
12279
9281
38
10871
374
7086
4025
14119
8918
6994
9340
4862
2264
9208
1358
6221
5285
9928
473
3825
1131
2566
2489
6461
11048
2749
9525
14858
8821
578
12460
12658
6048
7000
14623
4698
8204
13930
3759
749
12122
6773
14968
6032
8606
10061
6599
11109
99
8553
2326
2582
15020
1086
12612
5332
12783
1700
10166
10218
8354
12243
109
823
906
5279
12034
518
507
11369
11245
12982
13103
8316
10345
14547
10225
968
14460
654
4344
14661
3556
10908
3778
5871
246
3357
7672
1356
525
7797
15120
683
8001
12055
11417
9603
2614
10982
5210
5613
7400
13095
9058
1163
13795
15128
5358
4503
7368
4104
6328
13454
1430
7834
11111
1293
6655
12337
5384
6767
13224
11475
2677
4900
430
772
863
13889
6755
7471
5198
14004
6863
13902
2810
10781
904
6034
14531
14514
13863
14147
4142
13208
557
5115
1044
10087
355
14371
9495
9957
308
14636
4831
1335
2457
13779
1632
4065
6432
15285
7311
13514
9430
14034
7010
6082
160
1562
10904
3882
13593
7343
11708
1636
13503
10998
8059
10211
14134
13859
5825
1663
2547
1795
2175
11336
13010
11198
593
2428
6232
88
9323
10558
15258
13099
12997
12707
2735
7889
9779
6848
12514
9559
3926
5386
5255
13712
8678
7040
6108
4688
10298
10564
8691
4687
14103
11626
11352
1850
10440
13841
5678
2877
9590
2837
2642
7632
658
9582
496
248
13373
3506
9160
11638
8624
693
7627
5926
13834
15027
12671
5086
13199
4663
8274
4943
11994
6914
5948
6037
11189
5123
6873
7067
11546
11243
9898
15140
13255
9437
15059
1917
8523
4493
3342
13744
4283
13240
2260
15393
6295
9708
9562
2779
3752
3635
3581
5271
13133
7072
10463
9210
13002
8581
8504
8551
14957
6004
13537
2693
7296
2972
9739
7611
1978
566
1554
2590
9179
6369
10955
2981
11590
8711
3578
3066
4196
6340
1134
10502
8792
14568
11995
4839
771
14888
4327
1442
15102
13082
4926
1993
15208
13330
225
11545
348
7115
13478
73
9091
10609
4021
3104
136
12774
9136
4860
8348
5569
3125
1931
93
13539
8331
13111
2136
1935
12431
1446
11688
11800
9858
6228
1670
9456
13041
5961
5894
8460
12233
4408
10846
3653
2773
9990
14384
4106
8194
14946
7278
2911
7927
12795
5635
5391
14541
12965
14866
7223
2263
354
1020
2291
12810
13398
400
2745
1055
6753
12578
11326
10287
11759
11910
5626
9947
11220
5
3110
13578
10271
6029
3325
5491
12677
9695
13185
1075
5997
1097
7082
5729
4442
8339
3921
4965
2088
5275
8773
3703
1616
11379
11061
7315
4224
4712
3856
11906
2558
11197
6308
3346
12313
840
4564
13828
11533
12179
8613
7860
12524
6081
11107
13944
15375
2606
9141
6563
6465
12801
13142
13540
12483
7789
13749
5248
13069
7475
14293
3756
1154
9835
3642
6067
6988
3416
9269
13996
13266
14364
3434
1689
4881
3361
6903
11789
1835
11478
2729
7676
641
4875
4477
9428
13022
1222
11023
3008
2116
7032
8197
10472
7407
4057
6523
15202
8786
2167
4444
7344
11445
10417
14296
3614
7134
1427
365
11722
5273
13888
14090
10347
12932
4409
10594
4726
14645
101
15233
3990
344
3901
3355
8933
8147
10746
1557
3081
6787
11341
9706
8221
12632
9049
2429
8484
1403
4600
456
3568
13412
14699
7709
11625
12495
9793
6501
5226
1216
7272
9552
4176
4988
5979
3769
2564
3328
2393
11146
833
2754
2791
10657
6826
12257
9612
8330
3036
1225
8148
4406
6727
4916
12105
15334
7152
15142
91
5252
8335
15097
2456
5763
7998
13725
11087
11799
12622
562
7519
9808
2427
9976
7
14389
2869
2913
11173
7926
6637
11908
7987
8373
7671
7999
9904
10925
10572
10437
5180
5728
7818
1846
48
14064
3754
7602
3351
2159
14916
2812
9941
11014
4448
4050
10316
7821
10443
14157
596
4644
3670
5002
7583
11469
9970
10772
8259
10313
14319
10428
2442
9874
8501
8950
4844
10188
9747
6780
9134
7714
10086
2657
14028
12073
13784
6078
4780
14400
6653
4319
8756
11693
3282
9657
7257
6795
11611
13106
2201
12191
774
12602
4574
13385
6738
12425
8365
10667
10658
11076
14562
7018
9785
5795
491
12265
14578
9012
12666
11935
3194
13528
14470
5276
5982
951
785
8015
11876
10706
3271
12585
14852
7921
4225
2041
11534
11365
8536
4294
8030
12777
4418
10174
13276
4782
4370
8588
12813
7829
1122
13135
13511
33
6835
3813
11897
3032
9378
9633
6766
14836
5326
7142
15295
5946
10410
8642
5975
10927
4525
1630
6096
4555
13411
1658
1005
7570
9907
4413
15049
7986
10939
9813
4284
4160
1275
6426
8666
13438
885
1169
5846
1166
6157
10329
8584
5543
14141
2777
5651
15383
2300
8507
7823
143
2721
10257
14030
3790
13297
3982
14128
8116
13740
1629
410
12116
12042
3749
12475
3850
9558
1617
13968
12359
9175
2790
4561
6087
3257
4451
13748
10420
14599
3855
621
2436
148
4855
10524
4342
9119
9625
5433
7905
10266
9649
3219
8963
742
5739
6233
3496
10797
4652
1125
9011
338
12077
1858
15191
8157
7093
12951
4962
3052
13804
901
947
6740
7019
10944
13738
8401
9967
5231
15327
14059
4793
5670
10391
9918
11681
5783
5695
11962
14672
2886
5872
532
4517
2062
3039
12396
1842
15117
5121
14015
13301
1508
639
2713
11419
9477
6627
7891
5490
13651
14716
5817
3809
2148
4991
1102
5006
4070
5901
13792
13995
5448
3179
7713
290
7937
4760
7739
10159
12778
13885
8343
11065
12883
10404
5113
8942
13223
7863
729
2079
3132
9578
3632
582
13463
8979
11402
14904
7007
3402
10974
4641
14085
14555
13529
11415
8152
589
2562
8724
15195
2460
11175
2611
13203
3223
7517
6833
2202
9684
11323
12050
8371
14114
2543
1614
7781
7373
8856
3564
6364
1218
9379
2153
6974
11254
1376
2656
6705
9059
5265
10493
14767
11440
1526
9374
13115
7384
9729
626
6728
4521
11271
12332
14139
15007
6410
5634
687
4732
7420
14821
9846
9662
10034
337
8134
129
1715
4867
10860
7367
9202
3939
7163
11321
536
9309
11579
10406
4752
4975
9243
3835
12008
13662
11410
9787
4299
10254
15243
9765
3529
4648
958
9536
2174
12474
8626
3094
15392
5374
8241
4473
14747
8647
13963
15299
6229
4269
9407
9733
7146
13553
5673
9696
12900
6546
1224
9229
797
3071
10123
13338
13337
15326
11548
2218
4718
8308
10027
3494
10454
10284
14046
2351
2902
2195
7422
12377
15177
8688
15092
10052
8290
4942
13844
14641
3106
14368
8427
12121
4842
12174
10196
8760
11006
6204
1393
11975
7962
10011
8568
1141
272
5372
1139
8514
1940
9862
177
13311
515
13693
9417
7764
11357
1332
13855
6435
4714
10754
12325
9008
11713
11046
14730
7380
2355
7084
3025
3227
8550
2121
15030
11347
685
8263
10690
1583
12224
8109
11283
4193
2246
3089
1845
8125
9010
229
1624
7386
9373
10235
2819
11221
5413
12426
8177
6166
6589
4357
8061
5449
4365
6511
7525
14726
6406
6608
14540
1256
4829
9
14247
9658
11060
1939
14063
5403
14875
14242
11645
5773
15091
5824
1479
13879
8121
2406
2650
12916
11322
9224
3549
1214
1859
6396
6281
4213
5873
10009
9325
5770
13462
11329
4386
8233
4495
8672
254
139
10450
8889
10516
6949
1667
8796
869
7881
6741
12345
9866
11263
11209
14510
14281
9100
14596
6583
13212
13426
14150
10745
6769
360
3716
12091
10436
5493
12123
6458
2114
13304
1007
5315
6647
10810
3197
6494
7819
10858
3651
3615
3531
10619
10128
1419
1582
3801
14694
14700
2842
13442
7599
13086
14955
2884
7148
3594
5936
5851
7522
14613
2492
12018
9959
7172
2542
3637
15357
7785
637
1558
1955
4711
11963
4324
881
5594
1245
12789
8464
6638
1827
15109
8960
6668
3786
11030
1189
4690
8405
12730
10495
13252
11918
10076
12596
8320
14983
12295
1794
4825
12757
3323
5044
5119
9568
7312
861
9971
5337
4985
9358
11573
7793
1178
2923
11150
6806
5812
4639
14287
14766
4105
13287
10985
11653
6254
6205
4935
1719
6587
12037
13169
14018
8344
1754
1654
7016
9637
726
9533
14047
1913
2332
3928
9020
2063
10731
15068
3658
13129
1084
6282
9753
1810
7388
14179
8829
14318
2539
10591
10643
11291
8545
2403
10047
3069
5092
6038
14350
1924
8681
13937
13336
14113
10207
1580
614
737
1534
11218
7430
12098
8245
13375
11228
3021
2127
2906
7742
10107
14442
2873
9276
9434
1933
9468
1669
2995
12512
15147
13605
7318
29
3705
5458
8924
2951
12291
2944
1239
7798
6099
4885
1962
6299
2604
15206
9043
1561
8844
4138
10774
13121
2416
7127
2520
8450
1677
14951
2491
14750
11764
9161
3186
12482
10146
2818
9522
10423
5822
10343
6074
7705
9207
10538
4047
7307
13724
12185
7605
7219
14370
5245
14396
14415
10891
727
959
262
2194
1029
7083
1985
2334
7623
10743
7775
7238
916
15149
6097
8690
13452
4653
12814
4291
11683
11680
13321
12420
3113
5408
6542
829
5253
13843
8571
126
3949
6245
7688
1408
13060
4505
7345
9060
14140
1323
8841
13481
8337
9182
4372
4068
12102
9188
13090
3889
11549
6044
4703
10961
125
13595
6170
12326
2737
11070
5058
15061
7477
13991
9591
1637
5750
14463
3503
8985
1500
1085
9713
10719
9400
11102
4914
11870
10224
15256
13241
14918
9307
4367
1833
12993
1818
728
15339
6288
14487
8689
6996
5724
1660
219
6068
10467
15261
8509
8653
7549
8315
2105
2257
6832
3318
3504
6327
11355
6005
10693
9339
1639
389
13643
12223
12767
15379
9737
4131
5354
12031
10832
3811
3530
11227
1756
10447
2198
6652
8279
11055
10089
12297
6362
4336
8564
11960
437
302
181
3768
13386
15209
7478
12650
2894
13761
13227
13214
5792
10554
9997
10694
2075
12501
13767
6377
9053
7807
5570
9683
4347
6941
2720
12611
4710
1904
8959
1777
13476
3717
5492
6841
5135
12714
8402
652
12290
14428
5646
13635
14397
10803
2336
7919
5278
7546
7180
4889
7960
14678
8047
2242
10073
650
12664
2070
10111
8677
6075
10576
15212
6146
12399
14516
11401
6385
9722
2986
6746
1720
1220
65
1973
14941
190
3879
3837
15053
14167
5530
14448
5380
13964
11711
3493
13410
12692
7258
5680
13493
3468
12629
14538
9751
12409
12072
14159
14137
9186
15235
2988
14879
14315
8505
7335
1196
5791
9891
15244
8794
13523
2045
2192
10475
5995
10503
6475
2426
9293
12573
4208
7976
8424
361
12915
4157
6555
2533
12339
2798
9884
7614
13739
13104
3940
14019
12808
14029
13164
9250
3232
10805
12252
7324
8615
3216
14213
14537
11389
15045
2577
14148
198
4672
3724
2660
8851
9557
3287
14895
11129
9718
7630
7448
2797
8791
14302
15116
3046
12972
3736
11890
7855
7520
7571
5476
2338
13420
12227
10494
4519
11792
14714
1264
3320
76
14276
3551
2602
1683
2667
14867
13552
2475
1599
1111
15157
13130
13702
7186
1552
4610
4826
6538
3414
9065
6578
2839
10171
6856
14963
14273
12241
13634
13688
841
8368
6558
8600
7851
14033
10049
11157
4545
9728
12752
10501
12877
13079
11057
442
1213
5999
7500
11705
15075
537
426
9852
9169
9238
11568
12564
14770
7682
3169
3735
6613
5595
6951
6102
1001
11414
14588
14692
850
14425
1041
12101
8089
12531
13525
10905
8219
5430
12353
3828
8765
12791
11186
10050
3238
8876
15205
10514
7297
4509
12933
8461
495
12647
7661
216
3804
13592
6266
15213
6500
4306
5794
8706
292
5973
4978
11503
4361
12536
10616
8625
5329
14886
4633
11126
1092
11287
998
15263
12477
9650
13582
13003
5955
8394
10304
10767
12574
7616
4767
14131
3984
10983
8469
12301
579
6621
5347
7107
12145
6213
14554
3697
2750
5472
4203
7779
11861
15188
2858
7469
9330
8633
13229
218
4168
1536
1597
11636
153
13425
11088
11274
9158
4034
10951
5335
3281
9464
11812
14337
14379
5703
13710
13686
7213
7479
6645
1280
7684
9101
5842
8031
14927
7582
457
14804
648
912
12262
2887
9305
9723
6685
8136
10730
13853
4800
8616
5756
10539
13037
8458
11009
4420
4114
13323
12499
7674
12344
9144
6960
13666
102
215
3580
14579
6641
4120
13823
8827
5639
12451
12113
1409
9816
11018
3096
11915
4260
7199
10038
9057
7778
10588
13947
6775
662
12793
953
7198
10096
14856
7003
5361
14847
11025
767
3242
6820
2512
5708
15025
7990
2782
10966
1473
1359
1173
3390
8286
9316
493
4749
4018
112
3220
13263
9920
13989
11436
821
12030
10639
12099
9923
11999
12372
5366
11773
1302
5301
15281
1268
3146
2727
5748
11950
6106
11115
12111
14298
4439
5627
2276
13262
5503
10546
11771
6852
13201
8445
13047
2281
5974
598
2090
908
9911
8639
8131
12358
13124
14173
9859
10214
2521
6692
4416
13324
12879
5088
2056
2607
6989
2541
2379
3953
8418
7796
14782
13137
1604
6002
13695
3431
9409
5081
10703
1710
990
2019
10022
3946
2610
8384
710
8735
7752
9512
9280
9320
11093
5056
12803
7883
1142
4092
8883
897
485
6493
1778
2327
1171
877
14068
2796
2497
7450
8869
10019
3923
14998
1570
8599
2244
1018
2983
4922
13505
6664
2369
13857
3456
6565
7706
4471
8640
10511
5665
4445
2452
13852
7575
2299
1234
9596
1069
1928
8255
2505
11518
4863
11258
1830
4234
14620
14469
5268
318
1857
14474
4811
13966
731
12729
4298
11361
8481
12875
6022
8759
14475
9889
5759
4099
2765
6311
1192
14262
5524
6408
481
2580
6093
8336
6651
4335
5339
295
5257
584
247
14021
1739
11007
3515
9112
9878
7716
315
10449
2272
2926
9027
11309
13371
11241
9608
3916
7703
3134
14006
14042
9315
11049
9199
11563
1666
10928
1307
3533
3666
524
6145
6053
8327
12085
12188
2601
1443
5942
11646
7105
12100
10469
8098
1834
12043
10823
1326
4101
10724
10062
342
10671
15325
4969
11508
11628
2032
10305
3459
12041
1008
6198
10296
14076
7907
5290
3765
10486
3903
5494
7087
4096
7292
10195
2331
6708
4584
14772
15369
11564
2154
14502
1854
5041
12873
2402
9623
4919
5587
12887
8283
4705
798
13614
8423
5583
10459
7875
13219
11894
8590
11981
10012
14326
9166
2546
15288
11984
4210
4556
6197
5623
11985
9526
6488
2037
13561
6964
2409
1250
2249
11859
4819
12340
7211
346
13180
1872
2407
7601
13181
15311
11712
3585
7955
13997
6927
6796
7859
6526
13146
3629
3460
68
4431
12013
12592
11829
937
1843
6159
15354
10153
13065
4183
9531
585
13051
8793
10764
174
445
7300
3957
6043
12815
9989
14001
10830
2352
14796
1651
2583
7015
911
14736
9516
4903
8224
6579
1416
370
11202
15331
8912
1251
5561
11839
2684
14062
6887
287
13078
11203
13031
8948
613
14947
9648
6352
14240
7228
6625
12048
14183
4908
8637
13397
15377
4557
6062
9454
11255
7608
549
12456
7657
6829
7612
9344
9274
4403
12335
4936
6448
9398
12489
10527
9363
7587
14497
14136
8072
11641
3764
6122
8993
2193
3908
754
8767
6020
15368
4790
1295
555
4759
78
3327
13019
9796
6116
2137
5954
10051
11941
5165
1897
4713
10678
5237
2016
1890
15284
5548
6973
8494
7283
1895
3105
6982
10337
13602
2239
300
14341
3963
5153
2383
3358
5788
15064
9322
13038
10262
535
9473
15181
12457
9806
1047
13920
6573
8617
8202
11494
4483
11120
3673
3471
3942
704
4967
6921
6092
7397
10326
11351
14467
9295
5984
3933
11100
14870
13464
11017
6955
18
8803
13479
8515
794
7455
12583
2776
304
7820
9742
1914
10556
7885
14223
3308
4725
1506
6476
12807
14837
5771
10259
10460
13042
12548
1371
14844
1726
1801
2692
4608
7628
6391
6776
6822
11922
1296
4736
10617
8704
7763
11071
7308
9066
7572
13092
7394
4222
2597
4348
4087
5162
15039
991
8174
14212
13404
4475
8043
13134
4874
4188
538
455
7364
5933
5483
2827
1028
11540
1406
5284
14190
12190
14652
340
12341
4214
11572
4728
2405
12672
13495
8151
13858
4971
1539
8694
7239
14492
9666
13362
4677
1976
30
2916
14133
2228
14566
5209
9261
6218
13530
10064
5212
11947
14504
1426
5185
13258
12494
4394
11660
14283
14850
3427
8457
6592
12812
6212
5977
13322
2509
3080
1878
12785
5652
8720
5048
2097
5827
4719
3068
9367
6147
4467
5145
3311
1079
14402
1449
3854
11562
13392
6235
10610
770
9291
13147
12365
11828
9542
2847
1678
1164
10477
394
328
6854
14043
3198
472
2472
4783
10768
967
1803
1809
14343
10950
3149
665
31
5465
11455
7416
8510
5884
3833
7649
8022
10978
14775
13742
7235
1825
7934
4215
5905
1826
11650
10537
6417
1060
15232
2768
12913
14928
8173
5150
13029
4870
3587
12981
14352
1090
10325
1757
14811
10274
12132
2422
8885
7899
7440
12198
12565
4162
8710
7542
3707
12824
1586
11819
12820
6383
13077
12975
6130
2864
12278
3303
7269
4629
9972
14461
4743
12249
14258
3807
74
6630
9472
12248
9069
812
3258
5297
3669
205
934
7438
12158
5266
14781
10681
45
3592
14294
13446
12053
4590
4886
1943
14841
667
4730
13235
11659
3030
8663
2314
12935
9869
4455
8949
7790
8517
10099
3378
4315
944
12637
12722
3495
12679
13814
8280
9125
9336
11190
4069
9933
10909
2663
7638
2910
5260
1844
7852
13283
7574
6252
14992
1662
5118
13817
8608
6136
9826
14456
11600
9459
5861
8808
4243
1671
7289
12569
655
15323
9413
10882
9811
1766
10967
12924
12411
10679
7849
6499
2504
8046
9445
1954
9016
2573
6535
10363
6119
8297
6691
5079
4739
10025
10625
5616
11745
10784
14512
6430
4776
10935
11844
1088
13216
11430
3892
7562
173
6258
3399
6586
3119
13926
4923
4624
5611
6590
4602
8189
11569
14986
11170
12126
11687
10497
5575
14255
4474
2500
6998
14268
4787
12438
10448
4751
15341
14713
8776
8018
9730
3789
5219
9451
4257
5620
12285
8717
14164
12338
2822
7190
3018
10431
11830
7249
3133
765
6161
1379
1049
7766
9054
3078
7226
3891
4576
6906
15193
15343
64
6326
2728
7928
2170
11767
952
10612
8944
14616
1812
5599
3622
9031
3708
5732
12277
2946
8936
3775
6604
2401
12401
11743
11052
8641
11386
7811
1229
2473
7728
8947
4982
4731
11001
6886
2478
15220
3224
1805
7005
7954
3419
6110
1062
783
5110
2067
3045
7302
9800
12539
5402
6419
1829
12076
3523
11358
14729
15260
14903
3518
12324
12775
11521
6810
1578
8907
14656
2556
9185
12892
2992
14898
15166
6644
10312
8413
2928
11205
8630
9872
7843
10306
3240
1591
12983
3366
3075
10181
8857
14511
7059
7001
4686
2685
415
2359
10451
4693
123
5336
10915
4721
7806
10487
4757
11390
12553
14354
14324
14740
4504
12538
938
13428
6066
13340
17
12735
10973
2240
5757
7275
13437
10929
3555
9703
13218
4379
3048
4854
10317
8288
12865
10482
271
11953
13440
2337
4134
1404
1298
1840
3084
4499
14176
12254
10605
1082
1053
12296
1909
9913
878
4056
10215
7197
12939
7635
9040
7482
14517
13289
4606
6867
7733
2005
1330
4594
11384
14278
7078
3492
14284
8374
270
9709
11697
8732
438
10669
15225
12884
7808
11509
4232
4296
9113
7166
4940
11866
9597
12535
13629
12063
12
7466
4187
11605
11375
11675
12225
930
1463
10120
5100
1994
14519
110
6464
7332
5485
3064
3501
10414
9744
7902
5746
11148
9646
7244
3621
9829
7013
7662
11136
12004
11931
14851
9719
12823
8586
961
8723
9420
12442
4016
5900
4045
870
5378
2131
13830
5663
989
2111
3280
2640
4124
11359
14800
9285
14853
9511
12491
14360
8893
7147
3785
7580
12766
15227
7952
3277
6707
6351
6597
7756
5645
13940
6487
6508
10234
966
8628
12124
14863
12320
6524
1310
12598
7730
5809
12691
1713
5895
12670
4272
5431
12003
11081
4959
5199
6785
7204
6459
12604
9758
4796
11108
9702
3961
252
9153
8436
11738
8801
10308
8456
7673
10456
238
12761
10661
13898
14506
13758
8992
11814
5859
8091
5184
550
3000
4637
7313
4625
1152
14731
858
13472
3286
13694
6605
7910
7216
13891
3800
7025
9674
1246
10389
6190
8454
5388
12239
11075
87
7877
2939
14801
3871
5411
9082
10386
5650
11487
10532
651
6561
13630
9338
12947
3010
10479
12606
10041
331
5480
6977
4761
8007
5740
9712
11991
12435
741
7310
12858
3405
7770
3665
11191
8389
14683
12656
11292
12016
2395
14495
501
6007
5289
6952
7253
3985
3360
4803
1983
5176
11933
8388
6323
11376
13242
2424
5880
2751
6201
7721
5195
9716
5919
10371
1525
3372
2227
7939
201
8805
34
3462
4680
14902
7452
10032
3671
1942
7162
12347
1215
8421
10063
2135
2890
8178
5144
4821
9416
9077
11847
6892
5060
13390
7654
7640
720
15385
14625
9715
1080
11171
11748
8589
14913
11682
790
14161
5922
8854
10769
7871
9950
8646
108
7338
12458
8425
11448
799
9000
3165
3054
10655
10336
1527
1201
15274
1422
5848
199
846
14577
4110
12462
11543
12630
14612
8636
4180
10023
1
13334
5187
8665
3591
12349
13868
10130
6167
11618
5923
6576
2596
12684
13277
663
15122
627
3899
11742
3192
7382
14751
2592
13107
6908
4704
9457
11686
6436
4143
3860
10712
2552
11525
15350
70
4486
4563
13897
4414
6026
12193
206
2969
14084
6339
11367
773
7646
14002
12646
11011
5457
10315
8364
10102
3435
12718
10238
12665
13034
9061
11550
13624
2103
13575
14647
6269
14205
1593
8984
8375
3747
747
9965
13513
13510
3654
9476
4987
6140
11642
14626
2878
12336
7660
6821
4179
3067
4601
9265
11457
820
642
11816
8078
5350
9365
1491
12827
11010
5172
5149
6602
3550
9574
7518
15170
4391
5566
1236
895
1394
4622
6203
6014
9510
13222
5182
7802
5537
11702
1831
9776
4014
4425
11307
12831
14438
15215
2757
3205
2418
7991
12125
10078
3475
13108
12169
11211
3610
9197
13198
168
12382
12697
13309
9037
12804
14099
1966
11506
11101
12853
14582
2038
2744
6830
3867
11523
1691
1880
11022
7720
10083
5832
15388
11316
8538
636
9901
6492
7992
5287
8565
6255
7009
8715
1612
6799
12232
6373
11264
9494
14169
3896
187
11988
7128
4562
11388
896
3630
5317
14040
14987
11795
8307
14244
13318
8532
5522
2284
5592
14752
2414
5235
12660
7868
8716
10458
5103
7597
4884
12705
9609
11648
9372
15190
4945
13399
13970
11679
14491
3834
8185
10543
14483
14433
9471
3329
7291
9254
9485
2328
9079
11453
852
13225
44
8684
3527
4207
5618
13576
8999
3869
11832
6675
2701
3676
7052
7057
1550
5107
6277
7359
13697
1073
6877
3137
4646
13228
4061
8845
3121
999
4013
14206
14441
5489
15002
13805
6646
3720
13910
10599
13480
14938
13766
4496
14279
8524
10425
97
5005
10394
12549
13647
11421
14339
2033
6356
2904
6460
9537
3732
1151
2241
1647
4758
6572
1618
8329
647
9286
4599
9786
6961
7118
7243
7931
10054
10161
13470
10943
684
666
3840
13058
5282
13579
3370
1474
9726
14925
6520
8041
5104
4832
6881
10091
15390
3019
14032
117
14657
9102
2722
1480
1493
14601
13956
6129
6940
5720
13731
5272
13732
7408
196
12674
3305
7157
12543
249
5307
436
25
13449
5450
12980
5914
4778
4377
11537
10895
1888
8054
1936
9896
13200
12832
4508
2273
6451
14464
874
8621
2952
3910
15366
2710
13892
11939
1848
8922
734
9271
936
7100
13621
9508
15104
2115
14041
2101
8017
10125
398
9710
15262
5912
1117
7123
4359
7415
809
8496
14369
15172
14520
9193
15306
845
9298
12581
10217
4098
2919
8826
2672
3865
5560
10526
10498
9447
12929
6840
949
5136
10585
2775
8411
6470
12209
3715
9427
6025
15146
4054
7446
11873
464
6688
11951
236
5857
11201
4078
6200
14259
6860
13053
4530
528
15194
12885
13067
10295
9263
5134
6519
4465
13316
7566
15063
3422
3026
15396
6304
11862
12134
646
14288
5597
11735
6851
13973
11229
1325
14378
2027
4915
2061
1635
12138
15180
13838
9104
3696
14583
451
2259
6816
79
2145
8892
3713
14306
1389
6997
7857
14171
10780
14013
4682
11903
9048
8785
7256
14744
11860
10787
14658
3694
14336
3827
15182
15112
12380
695
3964
5921
11872
10602
11222
4976
1900
12567
12818
12405
15113
14490
7817
3798
5662
5055
3975
11734
11555
11077
12120
1707
2117
11277
3265
5011
1277
5208
865
4614
9605
2468
3649
11768
2100
6510
2184
8381
3976
13040
479
5998
396
7846
2361
13899
13138
13083
8988
9694
7945
3863
1535
5236
2229
4432
2126
9383
2854
1098
7805
7854
223
11575
2758
15148
1021
24
11774
12693
5418
2288
2376
10108
4328
9671
9822
11576
9546
14649
10016
10583
7886
4064
9645
11454
8077
14381
11924
9106
14565
1109
1538
5553
4513
9665
10172
10340
474
10623
5712
6700
4304
7203
10353
14405
2399
11377
570
12364
5506
3247
10604
11328
12289
12321
14328
4172
8544
7965
8782
9661
11493
6678
1324
5367
11304
8873
7463
12014
12750
1643
3560
15162
3189
6768
4076
1472
9598
12961
3298
12327
2540
12039
12838
10734
12082
13967
7780
664
15189
11672
3426
6244
12407
12293
12258
12393
9041
1397
7445
14585
5399
14551
9995
9460
1704
14320
3744
5456
10442
12141
10739
10175
2544
14950
9564
14111
3970
7951
1118
1202
8266
12649
3331
9910
7691
5682
11699
1694
7480
1030
14544
2022
10705
3173
3954
5526
5863
15268
3236
769
15300
1951
11930
9624
4388
6883
4254
10082
4592
6382
2368
13846
15224
9248
8806
13802
11098
9641
9093
13045
5216
12370
15121
3660
5557
13547
12255
8619
7447
10031
13387
13046
3797
8106
3484
14794
8414
8478
8002
8602
7754
4137
5598
9805
11366
602
7681
13745
10994
13109
2349
6532
10920
13127
6425
15257
10986
12636
11215
3218
3859
10718
13434
7301
6031
94
1026
3082
11067
6739
12213
3408
7984
4312
7191
10603
13890
10738
234
6452
15073
12057
7712
12472
8870
2973
4541
6897
14249
9386
10370
9599
753
10816
13317
6324
15176
2844
5878
14944
9550
5579
393
7536
575
8541
4074
6355
4865
11034
7556
1873
8847
14965
12648
13974
5396
7088
14263
2347
12642
10055
14203
11747
3862
9821
7613
4572
5699
10876
4288
12811
5606
13571
13043
6193
7890
3945
10132
9191
3579
519
5738
9979
59
13692
2098
11587
13971
14271
4270
14622
6482
9099
9863
14154
10286
10851
15381
6054
10533
8334
13445
2269
8393
8783
3222
11791
8257
1260
7961
2190
1184
3299
6065
9509
10702
9287
12796
11674
12871
14010
13815
13026
9514
11450
6143
7028
4205
12792
13388
3767
6803
11092
8012
12909
11462
6344
2209
10902
8983
13000
10683
4567
9324
4929
1013
8483
7615
8055
2876
6674
6388
6015
4685
9289
11458
3170
1679
5669
4262
6694
3643
9470
257
5683
14808
12448
10872
2809
3145
15033
1168
12502
8466
10820
1155
7552
15322
14737
12054
7276
6930
5882
1852
1776
11156
1469
3577
6958
124
9068
5701
11437
682
15279
14687
1272
1366
592
3782
195
6386
13286
4802
10408
11786
10464
9790
5840
12984
1688
9749
13638
161
9052
3022
12645
9506
156
8122
14637
2211
11364
6695
5644
14393
6335
2631
12955
3648
12834
2985
1775
4392
2763
15201
4678
7428
4331
2746
2150
7046
334
12020
12110
843
7080
11178
2049
2563
5831
2077
5911
3050
171
4073
2353
3445
7496
14109
5834
7339
11059
3100
10303
13174
11567
8529
9594
9983
7786
1800
1197
14422
7719
4716
11544
11511
285
12788
10154
4893
6554
12613
14815
6314
9530
14824
7053
1445
4149
5196
8594
2292
2863
10289
2363
12572
6346
12238
8117
9617
4490
7625
577
9236
8766
4042
6933
8184
8671
10157
397
4282
10523
3207
10349
13056
7862
13009
5462
3858
8941
4249
9881
5191
15386
13861
11665
4136
14931
2668
2099
3200
12465
14707
4139
14155
2905
14231
12819
5377
12914
5154
4691
13903
4339
3810
9731
4164
7504
5749
9698
13158
2050
3359
8367
4375
435
132
4651
14257
13319
3306
7527
10771
13253
3981
7653
10314
7453
8235
1068
2551
3441
1034
1050
10430
4671
3090
12682
13088
13833
4147
15031
11766
9701
9467
14920
12375
9277
12822
14859
922
6084
8158
63
9897
13886
10727
782
14607
7692
2788
12552
12408
2330
12806
11185
8940
4211
825
11217
7897
7171
4390
12294
13427
3126
14275
9463
7533
5383
2333
11404
4271
13658
5010
11723
11298
5864
11166
9479
5558
12571
7284
2010
13982
7441
7666
6686
14640
14812
10376
10114
3872
14989
6434
12268
2955
559
5559
9673
14503
13532
2078
7295
7942
4944
5625
2206
12292
6357
1763
9234
1992
2180
11147
15089
1137
12383
11651
11069
5632
4960
1926
859
7217
323
8981
6987
10815
8
14666
2676
3870
390
13251
11143
1059
10129
8998
15362
1705
2444
13685
506
560
1944
14245
14688
10499
13500
14110
10595
11308
12316
10593
11427
11141
4768
5978
5602
4303
12854
9581
11927
10338
13118
15124
13826
13247
13698
7247
9306
202
8957
9679
12206
2004
13156
2792
2295
2006
14313
11760
4185
8146
12688
7590
441
12860
3040
14619
5124
3755
7493
2060
9343
3998
14973
9152
2800
605
7904
3631
11179
3079
10822
15165
9691
8132
11407
12942
13469
8747
1336
9296
8021
13704
8742
10836
1501
7325
7306
15223
9943
14023
6427
4785
6616
7704
3763
5667
9540
6643
1081
1724
1609
114
14073
13407
3229
4861
7565
11714
9555
3087
2587
1784
414
5206
289
9572
1653
14066
13871
801
462
3283
12192
10654
11041
3235
5516
4533
10645
12948
8400
2993
2828
12440
1195
9362
3534
1390
7619
14009
6348
8095
11541
11483
8113
3458
1641
9832
13020
11480
2574
9956
11993
1906
4689
14654
8138
10243
4986
183
8238
617
14923
13840
9974
1203
10578
13555
11592
12994
10033
13483
13653
14189
6336
5709
11299
3147
1770
7782
1483
275
13516
14303
6049
6504
6515
13574
8518
1123
12486
12809
11896
21
12954
4968
4052
13175
11707
6343
9126
4189
4245
7336
2630
3793
4378
12563
9740
80
8292
13518
3706
7355
5392
12687
1544
11850
10294
5796
8302
6195
7839
2865
7537
15226
14586
14764
11296
4000
12056
8632
6017
867
7558
15042
4285
14906
3171
9705
14891
10722
6825
10559
10529
9917
3154
14805
10285
7097
14127
10142
13061
8968
4843
186
3781
2761
14292
1768
8956
3153
11301
9632
14701
1056
12591
8222
691
3557
5836
1899
12770
9190
6484
7451
4591
893
8242
4227
7133
9573
13790
134
7914
11656
8987
8995
5022
5818
13986
14810
8730
8430
2011
1791
14758
4516
3204
2112
7694
5368
5628
5077
2974
13403
14728
1589
1889
5544
12537
6306
14940
2510
9253
14092
1760
8740
3112
9895
3102
7535
1949
8356
6059
3248
530
11315
13752
8798
7816
14488
12229
7037
13173
15346
11138
4544
9419
14742
14380
12881
8446
1543
7762
13756
1074
8485
8010
3497
3906
2469
3516
5179
3131
1148
1684
7492
6441
7350
12480
3272
5509
2294
10444
4350
8789
4364
13906
1622
5140
11163
931
11987
12748
558
633
5109
3538
7464
7391
3363
378
2550
14838
5313
8498
6472
13361
3617
10356
9441
1006
4198
10663
11495
2014
15126
2104
8447
601
5687
3513
5387
3044
3421
12045
6294
13365
3142
10845
5980
15395
11464
11724
6699
11606
6888
1815
12829
8476
14773
2404
10131
12521
12157
7586
9953
5881
1161
11716
10244
703
13484
14515
8746
4200
14436
1170
813
8310
624
542
5657
10323
10637
14252
3601
2266
7413
10918
6953
12250
13800
2344
13402
13663
14629
12330
12311
2307
162
1177
15211
14783
4853
8894
11531
2494
5717
11374
14575
13822
644
4858
10726
13565
7656
1934
1291
164
2374
3808
10912
7073
2155
12170
11042
2390
8037
2495
2717
6118
14892
14210
12496
6421
10208
14058
1839
9566
7183
7255
7383
7876
6611
2465
12754
2860
9902
11262
9791
5779
4814
8986
4140
9046
8066
9225
13025
478
14215
7405
5991
9984
11019
5071
10773
11325
5283
7434
7658
11833
7702
4256
13770
12202
10036
11863
14910
10600
9094
6629
3148
11698
5633
9004
10597
8562
7187
15029
12441
9444
3545
715
7045
14521
6714
10947
6164
12634
8215
7286
4351
10070
5072
3167
5437
5536
10563
3457
15080
11635
7879
6446
2256
3988
10379
14429
7738
8489
9980
13587
13376
8480
237
14745
7288
7507
10856
3730
12106
4345
7261
13599
2706
13213
7151
3783
3866
9465
37
14615
10205
11751
14355
886
4248
13603
7985
14321
2214
9518
6938
13919
9007
10288
8251
11373
3772
11772
4373
4558
12493
1237
7481
9992
3541
9584
13190
4117
12515
6291
7141
9927
884
14831
5581
1103
2725
10433
2382
1502
4656
7144
7617
10843
581
6782
1046
8967
13753
5765
4892
3007
11113
5916
13534
11948
862
7195
10790
8199
8604
1219
5715
8149
7867
13722
1432
12058
9848
2316
192
5647
7606
7564
9442
7964
8712
2191
12453
6885
7755
9310
10792
11593
2157
3296
10422
13207
10152
11520
10360
14689
11889
8495
7069
1415
5843
13942
11608
8378
8248
13831
5648
12354
439
9973
1327
1753
4851
8165
3740
997
9651
11853
11230
2605
14840
9392
2466
11184
8304
2339
3996
13955
8060
14954
6338
6361
4775
5000
899
12005
5807
11513
5958
3393
1227
11851
7645
8452
2794
10241
5157
13384
6149
5603
243
12662
13101
1851
849
6717
5033
8745
12843
11013
9619
14356
2134
12625
4946
4568
13487
2859
14932
10584
1367
2705
9843
2204
4930
6256
2021
2047
9626
11297
11756
11717
11259
6736
2936
15291
13916
1711
7689
4792
776
11621
14600
5131
14814
7165
3569
12654
14754
13039
11382
4220
9760
10888
7530
14078
4174
1610
12644
4578
9987
3225
4238
7524
7442
4292
5499
7456
9376
929
7209
12890
4902
6188
8404
15318
14191
8206
4955
11725
131
11267
10441
539
2732
9714
13900
713
2793
9396
15054
9585
11964
6395
5447
12988
8522
1530
5423
10484
5768
4583
1912
10565
14799
14200
11983
4869
1190
14720
3947
11643
750
3836
673
8543
2002
5688
8819
11733
2978
7540
2617
6394
9681
12466
5931
11727
13785
5743
12681
7741
3780
1603
5661
459
8755
14107
1717
8781
1043
1321
12641
6828
13343
11237
11538
10003
9050
1462
9635
10723
4150
11609
4396
6156
8070
1100
12421
3245
12406
10147
6603
6824
10855
6506
4072
736
2043
612
14162
13359
13723
3603
9885
14732
12001
14943
15308
4616
13160
6236
2697
6711
11842
9839
2188
9873
12978
6880
4795
2055
13054
13948
12437
15021
7331
6548
4202
12763
8005
1051
3841
11406
8713
1199
12844
7334
13984
10203
2357
8020
6151
10988
721
2040
8754
8029
15340
157
8145
3424
11782
14308
14145
8667
541
5333
2933
1204
6869
11383
11479
7603
1494
11664
13052
1368
13881
788
6234
1431
3849
1697
6786
13070
12334
10921
12115
3430
7212
11491
10150
6416
1797
9154
4438
13847
6033
11875
9118
2343
13988
6760
7594
3285
4454
8468
9759
11528
2030
14007
13750
10763
13355
10940
11599
8332
9601
604
13105
5111
4771
1605
14375
6540
1318
3091
2515
6402
7196
12510
14733
9474
3190
10673
9109
2066
2267
8396
5343
3952
13915
11206
14693
1381
7143
14860
2723
2373
15169
3721
15349
3108
8144
11532
3073
13960
1380
5622
10813
5311
14679
3268
130
15052
12985
5376
13958
11073
5139
1628
8372
1450
6111
1537
8895
3017
6580
3455
11515
781
1733
10765
14181
10827
9167
6972
280
2857
8023
5054
6368
193
14703
12786
3438
7563
9341
7121
3070
5046
6259
14387
14901
4337
4046
15014
1737
8071
14899
14421
6144
13259
11597
8058
13490
718
4586
9561
15060
12114
15242
3641
4197
5614
13620
8298
14880
10407
10223
8762
1575
6512
9232
10592
6594
13028
5438
10821
5588
10434
12513
14366
3339
170
409
6943
9880
5790
14216
2053
4086
10351
3733
2012
13683
14734
13845
14101
11536
13482
3466
3848
55
12210
4462
5130
461
11715
13170
6371
1333
2548
5101
9388
9209
10094
5007
13467
14344
9515
4417
11318
5535
2891
11798
1160
274
7722
291
9116
12143
5246
2277
13064
4274
3918
11154
5952
5102
15352
3213
9894
9235
6101
7502
640
13854
10819
13011
11398
12317
12485
6069
8086
13661
3677
3454
5436
11826
11164
12427
11160
6443
3428
2367
12627
12661
1485
11631
14035
10310
12971
5280
1078
5302
1781
14440
5057
11054
10613
9183
5902
4570
14466
1522
13456
13821
7747
362
13560
1421
2009
11260
6571
1208
1518
760
955
8555
568
10121
3968
1467
8557
8246
13716
7678
9763
10361
5992
1615
3338
10026
3410
11015
13588
14112
7865
7474
9211
563
6614
14961
12161
1279
1923
2217
2265
10716
3049
3824
9547
4184
12857
9266
8493
868
14489
5262
9948
6805
1198
2507
8282
4290
3463
11212
9670
1745
9732
13350
11900
4937
10528
13126
6696
11517
6560
8761
1266
5460
5668
10517
8878
5525
13975
14217
3991
11692
14507
13451
4217
5233
10779
11391
2506
3931
8035
12274
15016
2885
9279
1414
7531
1401
712
5580
5207
11192
9767
12600
7454
751
3727
7145
1659
12643
6878
11068
6797
3699
6713
7399
6381
554
8563
5810
13714
7887
2015
1588
9879
6744
4596
8865
13969
13381
13884
1961
4896
2271
13765
14969
2695
11003
9892
6966
4912
4482
12374
498
6105
8707
96
8034
13184
1306
14026
8931
11498
7968
12546
5504
13708
2247
7555
2966
14120
14564
10118
6107
5188
4779
6660
3353
705
8172
12623
527
14079
2051
3821
12976
8797
9736
2425
1114
13546
10290
4119
7593
10520
4789
2313
15141
15237
7358
6884
8319
4763
4190
13980
6633
141
5021
5776
11151
7356
1338
8190
2433
1950
10873
14797
1440
14149
2820
4246
3031
10324
6491
12199
12917
11123
13443
5844
7708
817
8296
467
6680
534
325
7267
2862
10631
6663
6331
13075
2035
2990
1071
11028
1405
903
13154
3751
12217
11099
8057
4395
14958
10553
434
14452
7096
14848
4355
2182
7251
5930
4746
3344
12236
7929
6366
979
3249
5565
8656
10015
8175
9194
15351
6593
7129
11214
755
3634
7262
14256
7241
13952
2152
11476
6397
256
5721
5170
10307
6249
3101
13622
12964
11696
12631
8824
3770
5163
5016
4126
14608
3439
9273
13008
14201
8748
9607
13494
11652
4514
2888
8503
15000
2501
4974
11032
12308
14861
12946
1819
12992
10936
13364
14230
957
14462
13429
13933
7844
4464
14653
4051
14977
8813
10507
14447
3202
11940
3336
3636
5394
4178
5513
12837
13122
10245
8769
12899
9424
13517
6403
4186
2662
11114
14513
10795
6567
5030
4957
2699
5675
5205
8575
11943
8896
3554
2655
14567
11089
1970
2310
10021
9087
13842
11972
826
11118
8179
4603
757
10267
12304
6735
2522
10672
6774
11188
4604
14592
3680
6449
11584
12064
2568
293
2941
5514
13295
2486
14476
11558
10133
7588
5425
4156
12579
8734
6238
2301
5349
7132
10818
2825
3180
3511
14978
11443
13417
5495
3376
9001
1486
14757
6080
7412
10550
12720
6216
14684
2083
2816
7592
1342
1360
127
7137
1042
3485
13189
8439
4580
322
13544
5385
4278
5909
4611
7650
8718
5562
15161
1373
6839
694
2381
11720
2726
13943
12870
12673
14587
11473
616
887
13550
14054
11637
5306
2922
2270
3971
3829
4895
6454
12067
11755
20
10010
3973
14484
13100
12624
12765
11353
1475
4587
11408
5486
3799
12017
4091
7557
13447
12839
12386
1512
11244
1595
2613
286
11037
1242
212
8024
1289
8101
9257
6208
4872
6024
12511
10688
8441
2119
13048
13606
294
6429
4630
7131
10044
5929
12989
11869
10953
10335
14235
2166
2739
1674
11779
12928
14232
9544
9003
12945
14376
13004
10666
5519
4118
11403
14345
1681
13640
5239
14749
2147
2317
4597
7698
13959
429
8764
12049
3934
597
4090
1980
2953
855
7621
3967
90
5334
9070
8955
2778
3195
4404
9177
2411
4772
6801
11658
8254
11294
12764
7130
6529
2013
4950
14580
13085
9139
10155
5277
1497
11293
9864
8074
5655
3371
12473
13707
8291
8004
12969
10242
12351
4816
13577
3948
5193
4515
11557
4528
12589
3321
9676
9328
13789
12746
12505
14070
9692
4898
2741
1410
9314
6150
9321
12728
9204
11504
14709
11901
1167
10432
11084
964
1129
14525
5609
15153
9618
1284
5324
6665
4539
7591
7892
12267
9700
11343
11846
10812
6591
5968
10385
12771
13862
4277
1468
14755
4613
12560
4320
1391
11685
11559
10749
7924
13811
6086
924
8403
3627
7687
14779
1560
1183
5584
13272
12676
928
6935
3389
1999
12872
6635
13801
13774
9850
5036
5920
1953
2623
5785
4311
4302
3490
11849
2431
4947
12498
265
2907
12594
2255
4010
12616
3092
7250
10418
2345
11598
11094
9610
1644
11834
15058
3136
12459
4041
9639
12653
14915
1438
12011
8270
5089
8886
13166
12135
1764
4615
11899
6440
4958
9725
5369
2612
10483
3771
738
548
11856
10687
10735
10149
5876
14704
8437
5308
11096
8982
6811
12419
39
14909
973
13585
4961
13406
14404
13760
10742
15123
8201
8540
6971
12259
372
4441
15024
7402
12355
5156
9939
13298
2774
2599
9528
2743
923
11050
8932
2925
12390
13215
14274
5415
15005
2251
12817
14459
217
11507
590
6088
7915
10400
10861
301
8787
4083
8068
7486
433
9455
2731
7079
13372
8573
10898
7329
13736
11710
1228
14144
431
10589
13112
15171
4824
13994
3144
5706
1853
6574
3596
1871
9914
15144
12182
1488
12551
7034
3900
7354
13389
1434
1668
4635
15348
14865
7051
7414
10971
13314
2268
2843
13246
11583
2286
14711
1101
12558
10354
10240
6525
7233
6431
5853
7539
11278
2567
9078
14353
13835
11132
9480
1682
11888
2675
1399
118
10261
523
13652
7918
5970
4753
2594
13471
12117
14539
10160
8855
8321
14828
8572
5091
2052
7461
13788
9022
5477
10814
6173
1821
6333
2143
1811
1146
10256
13128
12864
12025
3951
14211
484
5259
5988
3572
9446
3432
89
5760
10629
5243
6620
10608
10342
9425
14633
6842
1573
6818
12107
8736
7027
9583
13572
6596
1728
10980
1322
10364
5463
6730
14825
12220
332
2945
3182
8482
12464
10618
14473
9150
4109
9205
4028
7484
14074
7740
7516
1920
2698
11770
8802
5830
12902
5698
6453
4435
460
12554
5944
7949
2681
179
10976
3553
1119
9412
9762
10311
5024
8795
9140
2384
11811
14
816
15132
5397
4024
8775
10647
6731
12009
2312
5304
3004
13703
522
13044
5478
1761
6490
3628
3873
6978
15266
154
11133
2813
10975
13167
10562
12096
15183
8218
4258
8100
3403
9282
11749
1520
428
6169
5823
3806
13931
14869
7813
14542
8728
8852
3470
4048
4201
13448
1952
4877
316
943
15221
11181
11121
2530
14449
6771
3695
2715
12314
9543
15192
7348
4323
6379
11864
11397
15303
7409
14398
3041
7547
13007
7290
1294
11796
9327
9237
14045
6516
9312
14051
7381
12422
7259
10179
2947
4934
4904
1820
6950
10884
5753
11878
14359
3969
4809
416
7795
1461
14351
15333
11831
8973
9317
9682
4887
5858
792
7809
3726
9042
9121
13032
11578
6720
6473
7421
9002
8429
6376
4122
14630
6481
6126
10185
3168
10633
10075
11345
13874
516
848
1344
11219
11530
13673
1490
8537
14226
3851
2309
8914
2897
7089
14408
5907
10377
5294
11944
12315
4008
1252
6844
8815
13211
1832
8465
6726
12323
661
2724
8019
9998
3109
1498
1191
8311
698
3920
631
7113
7473
4151
11730
407
9406
13618
11024
3819
4399
7099
10232
8135
5360
1439
8488
12727
10270
15174
6976
2358
5630
2455
11204
4813
13896
11695
122
5867
14077
9982
7114
11314
1927
14710
11629
11704
10468
2578
180
5697
5943
13159
2029
2756
1345
10601
10227
14406
4964
10332
5125
6
13839
10993
6350
3006
1484
12601
1262
1464
12547
1249
15231
2144
14976
2008
7707
1420
6263
3937
6693
11496
3978
2738
7375
12936
14708
3709
5730
10409
12391
5778
6117
7909
14106
10145
9545
14590
3647
2918
11904
857
4055
3425
6206
14631
13564
7159
1908
3043
2971
9036
8966
3099
12739
14347
9035
7158
12065
12060
8239
675
2306
15337
9162
13816
2565
14338
11979
5026
1771
3941
9504
3290
9986
699
11639
14912
6600
10890
8462
5959
2222
11966
5913
6036
4385
9108
8323
14835
3300
5870
15151
11058
1128
12504
194
847
1521
956
11439
2909
5693
13880
8431
1278
12617
9977
13660
11311
10127
513
660
994
12848
7578
5365
13177
1932
10445
10331
7882
14158
8820
2449
8926
13230
4529
1725
4470
14681
12433
7783
1378
15200
954
8111
4212
13782
6632
2593
2023
14937
2303
6862
4127
12478
3972
14049
10213
2950
6834
10461
9397
8554
5215
9180
10652
10881
14830
6747
6437
13144
14014
5373
2591
3387
10301
7544
14691
36
7856
7490
3
7362
2208
1375
10268
4661
3644
15133
1744
744
75
2898
3253
9915
9391
1969
7977
1377
10958
7840
9958
10180
1509
12937
3659
13672
5915
11240
13021
11902
9039
7342
12487
1209
10401
6378
2755
13256
14178
13347
9944
3309
2535
12851
10198
12741
453
3880
12561
2096
3252
7041
3565
4204
11961
2024
142
1156
1355
15094
12990
13291
970
7014
15252
6836
14362
8112
7236
3668
14083
14334
5722
11134
3535
12828
12415
4927
8025
11331
606
13305
13519
14650
9754
12587
9389
7221
4415
69
2914
12381
15105
15371
7993
10216
1968
6667
5481
4598
748
13087
13239
9133
11808
3412
7224
357
14877
7210
10204
5288
2524
13882
1755
15293
15154
8474
14695
7652
12712
9554
8479
14896
4228
7824
13650
12497
14670
7389
5966
2140
11276
7106
10126
2354
5424
13633
5097
7804
9772
7426
12962
103
13680
3685
7328
905
2866
510
12960
1885
11676
9326
2234
12074
11400
8661
8695
14980
10109
11977
450
12958
10757
8268
8744
10607
2430
182
11338
8003
8580
9672
7686
353
6946
418
3185
14377
4216
5539
2709
2172
1620
1892
11634
11333
3275
14322
3201
10358
15360
12178
188
6827
12519
8360
4817
15150
12154
231
9820
9390
7351
8725
9023
1807
9076
756
13280
11974
13163
4058
701
5636
9654
12733
11602
10700
3467
2959
6661
5672
1466
1975
3547
297
9748
5707
6911
3864
14595
838
13962
10886
11063
3846
12503
2164
6070
104
3184
8453
6474
12395
13210
4472
8284
10710
14774
14196
2410
11074
2769
3693
5574
10586
4547
8601
1929
454
15143
4658
8249
2042
12669
12663
1863
7888
11193
11721
3922
9084
12957
8363
11208
14022
9319
13568
1259
2482
15017
10068
15321
9348
2341
13812
12790
5177
5631
2408
14208
14787
3212
12816
3354
15012
1541
15248
6405
11838
7948
8622
10065
2028
4755
3156
7117
13581
9981
752
6639
7254
5043
9491
1398
1752
900
7317
6670
4371
3332
11124
13006
8220
2484
446
1285
8898
14597
7664
12776
9439
10916
15156
9092
14655
6274
3682
1997
14027
10164
5804
875
11285
2560
1138
14979
13439
2177
11825
4664
358
725
2451
8513
15048
12520
1428
4081
9999
427
1194
10378
4806
9556
2226
10309
14763
9932
1105
15115
8977
9103
14996
8784
8659
3822
9086
10965
2687
6808
7349
10751
12866
8603
1910
9244
9851
4229
12780
9443
11871
2789
9114
9643
9138
2569
8195
2889
12633
13668
14610
2397
14153
6759
2446
3936
10686
2124
13983
9045
2470
7125
14108
14618
8009
8295
14025
3802
6838
13869
6790
1351
10999
13141
2434
3620
3256
9062
7784
13987
732
3791
14894
4532
273
11310
12195
15247
656
1646
5069
11835
1735
11970
8085
5173
140
14480
5017
1035
894
12713
8361
10046
11671
13512
2834
6250
5455
10720
3575
5596
3583
4170
2034
4479
921
9604
2057
4827
7718
5040
14301
12205
9580
3571
3861
